1 0.7781250000000002 0.8859375 0.7312500000000002 0.8859375 0.7312500000000002 0.9546875 0.7781250000000002 0.9546875
1 0.12812500000000002 0.09375000000000001 0.07343750000000002 0.09375 0.07343750000000002 0.2046875 0.12812500000000004 0.2046875
1 0.06718750000000004 0.2453125 0.026562500000000034 0.2453125 0.026562500000000037 0.3328125 0.06718750000000004 0.3328125
1 0.9234375 1.1069658957917873e-16 0.884375 1.0830470129959405e-16 0.884375 0.04062500000000011 0.9234375 0.04062500000000011
1 0.871875 0.928125 0.7984375000000001 0.928125 0.7984375000000001 1 0.871875 1
1 0.039062500000000056 0.4078125 0.00156250000000005 0.4078125 0.0015625000000000573 0.525 0.03906250000000007 0.525
1 0.9453125 0.22812500000000008 0.875 0.22812500000000008 0.875 0.2562500000000001 0.9453125 0.2562500000000001
1 0.2453125000000001 0.9203125 0.2171875000000001 0.9203125 0.2171875000000001 1 0.2453125000000001 1
1 0.953125 0.3359375000000001 0.8984375 0.3359375000000001 0.8984375 0.4156250000000002 0.953125 0.4156250000000002
1 0.14218750000000005 0.315625 0.07343750000000004 0.315625 0.07343750000000004 0.3546875 0.14218750000000005 0.3546875
1 0.10468750000000007 0.5390625 0.08125000000000007 0.5390625 0.08125000000000007 0.6359375 0.10468750000000009 0.6359375
1 0.4078125000000002 0.9 0.3656250000000001 0.9 0.3656250000000001 0.9984375 0.4078125000000002 0.9984375
1 0.4546875000000002 0.8875 0.4234375000000002 0.8875 0.4234375000000002 0.9828125 0.4546875000000002 0.9828125
1 0.8078125 0.4671875000000002 0.7578125 0.4671875000000002 0.7578125 0.4984375000000002 0.8078125 0.4984375000000002
1 0.09218750000000005 0.3609375 0.014062500000000044 0.3609375 0.01406250000000005 0.434375 0.09218750000000005 0.434375
1 0.2000000000000001 0.9359375 0.14218750000000013 0.9359375 0.14218750000000013 1 0.2000000000000001 1
1 0.1625 0.0031250000000000154 0.0875 0.003125000000000011 0.0875 0.048437500000000015 0.1625 0.04843750000000002
1 0.565625 0.14218750000000008 0.4984375 0.14218750000000005 0.4984375 0.2093750000000001 0.565625 0.2093750000000001
1 0.784375 0.7000000000000001 0.675 0.7 0.675 0.7968750000000001 0.7843750000000002 0.7968750000000002
1 0.6906250000000002 0.896875 0.6312500000000002 0.896875 0.6312500000000002 0.953125 0.6906250000000002 0.953125
1 0.3078125000000001 0.88125 0.23437500000000008 0.88125 0.23437500000000008 0.9515625 0.3078125000000001 0.9515625
1 0.034375000000000114 0.86875 0.0015625000000001061 0.86875 0.0015625000000001141 0.9953125 0.03437500000000012 0.9953125
1 0.3125000000000001 0.675 0.22031250000000008 0.675 0.22031250000000008 0.775 0.3125000000000001 0.775
1 0.5578125000000002 0.934375 0.5218750000000002 0.934375 0.5218750000000002 1 0.5578125000000002 1
1 0.9203125 0.4109375000000002 0.8734375 0.4109375000000002 0.8734375 0.5156250000000002 0.9203125 0.5156250000000002
1 0.6531250000000002 0.8890625 0.5843750000000002 0.8890625 0.5843750000000002 0.9984375 0.6531250000000002 0.9984375
1 1 0.7687500000000002 0.9640625 0.7687500000000002 0.9640625 0.8078125 1 0.8078125
1 0.3234375000000001 0.9 0.2968750000000001 0.9 0.2968750000000001 1 0.3234375000000001 1
1 0.6984375 0.001562500000000083 0.6578125 0.0015625000000000805 0.6578125 0.04375000000000008 0.6984375 0.04375000000000009
1 0.85 0.5968750000000002 0.7890625 0.5968750000000002 0.7890625 0.7187500000000002 0.85 0.7187500000000002
1 0.971875 0.46093750000000017 0.946875 0.46093750000000017 0.946875 0.5000000000000002 0.971875 0.5000000000000002
1 0.16875000000000007 0.5109375 0.14218750000000005 0.5109375 0.14218750000000008 0.63125 0.1687500000000001 0.63125
1 0.18125000000000008 0.7890625 0.1312500000000001 0.7890625 0.1312500000000001 0.9015625 0.18125000000000008 0.9015625
1 0.4937500000000002 0.7671875 0.4187500000000002 0.7671875 0.4187500000000002 0.878125 0.4937500000000002 0.878125
1 0.034375 2.1048616860345133e-18 0 0 2.2005372172179004e-18 0.0359375 0.034375 0.0359375
1 0.4421875000000002 0.7640625 0.4187500000000002 0.7640625 0.4187500000000002 0.8703125 0.4421875000000002 0.8703125
1 0.6828125 0.06562500000000009 0.6375 0.06562500000000009 0.6375 0.12031250000000009 0.6828125 0.12031250000000009
1 0.08750000000000009 0.7 0.042187500000000086 0.7 0.04218750000000009 0.803125 0.08750000000000009 0.803125
1 0.07812500000000011 0.9453125 0.03906250000000011 0.9453125 0.03906250000000012 0.978125 0.07812500000000011 0.978125
1 0.940625 0.0015625000000001137 0.9203125 0.0015625000000001124 0.9203125 0.09687500000000011 0.940625 0.09687500000000011
1 0.6171875000000002 0.840625 0.5640625000000001 0.840625 0.5640625000000001 0.8796875 0.6171875000000002 0.8796875
1 0.3781250000000001 0.7265625 0.3218750000000001 0.7265625 0.3218750000000001 0.809375 0.3781250000000001 0.809375
1 0.9609375 0.7968750000000002 0.878125 0.7968750000000002 0.878125 0.865625 0.9609375 0.865625
1 0.99375 0.6718750000000002 0.9578125 0.6718750000000002 0.9578125 0.7125000000000001 0.99375 0.7125000000000001
1 0.73125 0.24218750000000008 0.7078125 0.24218750000000008 0.7078125 0.37968750000000007 0.73125 0.37968750000000007
1 0.8171875 0.0312500000000001 0.771875 0.0312500000000001 0.771875 0.11875000000000009 0.8171875 0.11875000000000009
1 0.09218750000000009 0.65625 0.06250000000000008 0.65625 0.06250000000000008 0.728125 0.09218750000000009 0.728125
1 0.12343750000000012 0.8375 0.09375000000000011 0.8375 0.09375000000000011 0.953125 0.12343750000000013 0.953125
1 0.0859375 0.0015625000000000083 0.05 0.0015625000000000062 0.05 0.03750000000000001 0.0859375 0.03750000000000001
1 0.78125 0.13437500000000008 0.70625 0.13437500000000008 0.70625 0.2078125000000001 0.78125 0.2078125000000001
1 1 0.6203125000000002 0.9765625 0.6203125000000002 0.9765625 0.6750000000000002 1 0.6750000000000002
1 0.853125 0.2234375000000001 0.8203125 0.2234375000000001 0.8203125 0.3343750000000001 0.853125 0.3343750000000001
1 0.27031250000000007 0.35625 0.17187500000000006 0.35625 0.17187500000000006 0.4078125 0.27031250000000007 0.4078125
1 0.03593750000000008 0.66875 8.189825469297925e-17 0.66875 8.476852062848085e-17 0.715625 0.03593750000000009 0.715625
1 0.6109375000000001 0.684375 0.553125 0.684375 0.5531250000000001 0.740625 0.6109375000000001 0.740625
1 0.940625 0.5453125000000002 0.8859375 0.5453125000000002 0.8859375 0.6734375000000001 0.940625 0.6734375000000001
1 0.0515625000000001 0.7578125 0.003125000000000093 0.7578125 0.0031250000000000973 0.8234375 0.05156250000000011 0.8234375
1 0.2953125000000001 0.3671875 0.2531250000000001 0.3671875 0.2531250000000001 0.4296875 0.2953125000000001 0.4296875
1 0.19687500000000008 0.665625 0.12500000000000008 0.665625 0.12500000000000008 0.7375 0.19687500000000008 0.7375
1 0.04218750000000007 0.5703125 0.009375000000000069 0.5703125 0.009375000000000073 0.60625 0.04218750000000008 0.60625
1 0.5640625 0.4515625 0.4890625 0.4515625 0.4890625 0.55 0.5640625 0.55
1 0.2093750000000001 0.759375 0.1765625000000001 0.759375 0.1765625000000001 0.8671875 0.2093750000000001 0.8671875
1 0.4281250000000002 0.865625 0.3984375000000001 0.865625 0.3984375000000001 0.91875 0.4281250000000002 0.91875
1 0.234375 0.0015625000000000268 0.2046875 0.001562500000000025 0.2046875 0.04218750000000003 0.234375 0.04218750000000003
1 0.765625 0.02343750000000009 0.690625 0.023437500000000083 0.690625 0.06875000000000009 0.765625 0.06875000000000009
1 0.2328125000000001 0.5234375 0.19218750000000004 0.5234375 0.19218750000000007 0.5984375 0.2328125000000001 0.5984375
1 0.2828125000000001 0.553125 0.21093750000000008 0.553125 0.21093750000000008 0.6046875 0.2828125000000001 0.6046875
1 0.8328125 0.3468750000000001 0.7453125 0.3468750000000001 0.7453125 0.4312500000000002 0.8328125 0.4312500000000002
1 0.6140625 0.2578125000000001 0.5625 0.2578125000000001 0.5625 0.3421875000000001 0.6140625 0.3421875000000001
1 0.2734375000000001 0.6765625 0.2078125000000001 0.6765625 0.2078125000000001 0.73125 0.2734375000000001 0.73125
1 0.434375 0.19531250000000006 0.371875 0.19531250000000006 0.371875 0.2296875000000001 0.434375 0.2296875000000001
1 0.2843750000000001 0.809375 0.2234375000000001 0.809375 0.2234375000000001 0.8609375 0.2843750000000001 0.8609375
1 0.5390625 0.540625 0.46875 0.540625 0.46875 0.5890625 0.5390625 0.5890625
1 0.3609375000000001 0.7734375 0.3109375000000001 0.7734375 0.3109375000000001 0.8390625 0.3609375000000001 0.8390625
1 0.6578125 0.5 0.609375 0.5 0.609375 0.5734375 0.6578125 0.5734375
1 0.2093750000000001 0.4078125 0.16250000000000003 0.4078125 0.16250000000000003 0.53125 0.2093750000000001 0.53125
1 0.28125 0.253125 0.2125 0.253125 0.2125 0.3296875 0.28125 0.3296875
1 0.678125 0.11562500000000009 0.5875 0.11562500000000009 0.5875 0.18750000000000008 0.678125 0.18750000000000008
1 0.3625 0.05468750000000004 0.340625 0.05468750000000004 0.340625 0.14375000000000004 0.3625 0.14375000000000004
1 0.75625 0.565625 0.7140625 0.565625 0.7140625 0.6625000000000001 0.75625 0.6625000000000002
1 0.5609375 0.60625 0.521875 0.60625 0.521875 0.7109375 0.5609375 0.7109375
1 0.5578125 6.697287182837088e-17 0.5359375 6.563341439180346e-17 0.5359375 0.08281250000000007 0.5578125 0.08281250000000007
1 0.4203125 0.08281250000000004 0.38125 0.08281250000000004 0.38125 0.14531250000000004 0.4203125 0.14531250000000004
1 0.22656250000000008 0.8015625 0.19531250000000008 0.8015625 0.19531250000000008 0.88125 0.22656250000000008 0.88125
1 0.3125000000000001 0.8734375 0.2687500000000001 0.8734375 0.2687500000000001 0.915625 0.3125000000000001 0.915625
1 0.696875 0.5734375 0.615625 0.5734375 0.615625 0.61875 0.696875 0.61875
1 0.4578125 0.6796875 0.4140625 0.6796875 0.4140625 0.725 0.4578125 0.725
1 0.6921875000000002 0.7953125 0.6390625000000002 0.7953125 0.6390625000000002 0.8328125 0.6921875000000002 0.8328125
1 0.28125 0.08750000000000004 0.234375 0.08750000000000002 0.234375 0.14062500000000006 0.28125 0.14062500000000006
1 0.0984375000000001 0.8046875 0.06093750000000009 0.8046875 0.0609375000000001 0.865625 0.09843750000000011 0.865625
1 0.5796875 0.5453125 0.5421875 0.5453125 0.5421875 0.5953125 0.5796875 0.5953125
1 0.7296875 0.5406250000000001 0.6953125 0.540625 0.6953125 0.5718750000000001 0.7296875 0.5718750000000001
1 0.5796875000000001 0.8953125 0.5593750000000002 0.8953125 0.5593750000000002 0.9890625 0.5796875000000001 0.9890625
1 0.934375 0.6734375000000001 0.909375 0.6734375000000001 0.909375 0.7937500000000002 0.934375 0.7937500000000002
1 0.3312500000000001 0.590625 0.2656250000000001 0.590625 0.2656250000000001 0.6578125 0.3312500000000001 0.6578125
1 0.475 0.026562500000000055 0.425 0.026562500000000055 0.425 0.10937500000000004 0.475 0.10937500000000004
1 0.8734375 0.7640625000000002 0.8453125 0.7640625000000002 0.8453125 0.85 0.8734375 0.85
1 0.453125 0.596875 0.3828125000000001 0.596875 0.3828125000000001 0.671875 0.453125 0.671875
1 0.75625 0.3000000000000001 0.7296875 0.3000000000000001 0.7296875 0.3312500000000001 0.75625 0.3312500000000001
1 0.603125 0.1937500000000001 0.58125 0.1937500000000001 0.58125 0.2484375000000001 0.603125 0.2484375000000001
1 0.5343750000000002 0.7765625 0.5062500000000002 0.7765625 0.5062500000000002 0.859375 0.5343750000000002 0.859375
1 0.4109375 0.6296875 0.3687500000000001 0.6296875 0.3687500000000001 0.71875 0.4109375 0.71875
1 0.828125 0.7640625000000002 0.803125 0.7640625000000002 0.803125 0.8546875 0.828125 0.8546875
1 0.4015625 0.4234375 0.3593750000000001 0.4234375 0.3593750000000001 0.5328125 0.4015625 0.5328125
1 1 0.4625000000000002 0.9703125 0.4625000000000002 0.9703125 0.5671875000000002 1 0.5671875000000002
1 0.321875 0.0015625000000000354 0.25625 0.0015625000000000313 0.25625 0.03125000000000004 0.321875 0.03125000000000004
1 0.3375 0.021875000000000037 0.26875 0.021875000000000033 0.26875 0.09687500000000003 0.3375 0.09687500000000004
1 0.6578125 0.2375000000000001 0.603125 0.2375000000000001 0.603125 0.3265625000000001 0.6578125 0.3265625000000001
1 0.4796875 0.2921875000000001 0.415625 0.2921875000000001 0.415625 0.3750000000000001 0.4796875 0.3750000000000001
1 0.378125 0.16250000000000003 0.33125 0.16250000000000003 0.33125 0.21093750000000006 0.378125 0.21093750000000008
1 0.05625000000000011 0.8328125 0.0281250000000001 0.8328125 0.028125000000000105 0.8984375 0.05625000000000011 0.8984375
1 0.6515625 0.3515625000000001 0.621875 0.3515625000000001 0.621875 0.4046875 0.6515625 0.4046875
1 0.5468750000000001 0.7046875 0.521875 0.7046875 0.5218750000000001 0.7921875 0.5468750000000002 0.7921875
1 0.5656250000000002 0.765625 0.5421875000000002 0.765625 0.5421875000000002 0.8765625 0.5656250000000002 0.8765625
1 0.39531250000000007 0.8109375 0.3656250000000001 0.8109375 0.3656250000000001 0.8703125 0.39531250000000007 0.8703125
1 0.659375 0.440625 0.61875 0.440625 0.61875 0.5171875 0.659375 0.5171875
1 0.31718750000000007 0.5109375 0.26250000000000007 0.5109375 0.26250000000000007 0.5421875 0.31718750000000007 0.5421875
1 0.4984375 0.403125 0.44375 0.403125 0.44375 0.475 0.4984375 0.475
1 0.6765625 0.17343750000000008 0.6484375 0.17343750000000008 0.6484375 0.2671875000000001 0.6765625 0.2671875000000001
1 0.315625 0.203125 0.2625 0.203125 0.2625 0.2875 0.315625 0.2875
1 0.471875 0.007812500000000056 0.43125 0.007812500000000052 0.43125 0.04062500000000006 0.471875 0.04062500000000006
1 0.621875 0.3390625000000001 0.55625 0.3390625000000001 0.55625 0.3781250000000001 0.621875 0.3781250000000001
1 0.5875 0.3671875000000001 0.559375 0.3671875000000001 0.559375 0.5 0.5875 0.5
1 0.9796875 0.971875 0.9484375 0.971875 0.9484375 0.9984375 0.9796875 0.9984375
1 0.3500000000000001 0.425 0.3187500000000001 0.425 0.3187500000000001 0.4640625 0.3500000000000001 0.4640625
1 0.440625 0.3687500000000001 0.3765625000000001 0.3687500000000001 0.3765625000000001 0.4390625 0.440625 0.4390625
1 0.3750000000000001 0.646875 0.3468750000000001 0.646875 0.3468750000000001 0.7390625 0.3750000000000001 0.7390625
1 0.6500000000000001 0.8453125 0.6218750000000002 0.8453125 0.6218750000000002 0.878125 0.6500000000000001 0.878125
1 0.315625 0.10156250000000004 0.2890625 0.10156250000000004 0.2890625 0.15156250000000004 0.315625 0.15156250000000004
1 0.7531250000000002 0.7734375000000001 0.7171875000000002 0.7734375 0.7171875000000002 0.8875 0.7531250000000002 0.8875
1 0.5421875 0.09062500000000007 0.50625 0.09062500000000007 0.50625 0.13281250000000006 0.5421875 0.13281250000000006
1 0.7250000000000001 0.6625 0.69375 0.6625 0.6937500000000001 0.7359375 0.7250000000000002 0.7359375