1 0.940625 0.2515625000000001 0.615625 0.2515625000000001 0.6156250000000001 0.996875 0.940625 0.996875
1 0.4468750000000001 0.38125000000000003 0.007812500000000047 0.38125 0.007812500000000083 0.9671875 0.4468750000000002 0.9671875
1 0.4421875 0.040625000000000036 0.178125 0.04062500000000002 0.17812500000000003 0.3609375 0.4421875 0.3609375000000001
1 0.23593750000000008 0.6859375 0.028125000000000087 0.6859375 0.0281250000000001 0.9421875 0.23593750000000008 0.9421875
1 0.8015625 0.2375000000000001 0.6125 0.2375000000000001 0.6125 0.5250000000000001 0.8015625 0.5250000000000001
1 0.584375 0.2593750000000001 0.496875 0.2593750000000001 0.496875 0.5109375 0.584375 0.5109375
1 0.3500000000000001 0.5078125 0.2250000000000001 0.5078125 0.2250000000000001 0.66875 0.3500000000000001 0.66875
1 0.215625 0.25 0.19062500000000004 0.25 0.19062500000000004 0.2859375 0.215625 0.2859375
1 0.2921875 0.3203125 0.26875 0.3203125 0.26875 0.353125 0.2921875 0.353125
1 0.24375000000000008 0.5671875 0.2171875000000001 0.5671875 0.2171875000000001 0.60625 0.24375000000000008 0.60625
1 0.0640625000000001 0.8875 0.003125000000000108 0.8875 0.003125000000000113 0.96875 0.0640625000000001 0.96875
1 0.2453125 0.284375 0.2203125 0.284375 0.2203125 0.3109375 0.2453125 0.3109375
1 0.2625 0.2265625 0.240625 0.2265625 0.240625 0.253125 0.2625 0.253125
1 0.59375 0.65 0.5734375 0.65 0.5734375 0.6734375 0.59375 0.6734375
1 0.5859375 0.18125000000000008 0.490625 0.18125000000000005 0.490625 0.3515625000000001 0.5859375 0.3515625000000001
1 0.415625 0.13593750000000004 0.384375 0.13593750000000004 0.384375 0.16562500000000005 0.415625 0.16562500000000005
1 0.2734375 0.09531250000000004 0.253125 0.09531250000000002 0.253125 0.12343750000000005 0.2734375 0.12343750000000005
1 0.4375 0.15156250000000004 0.41875 0.15156250000000004 0.41875 0.17656250000000004 0.4375 0.17656250000000004
1 0.3 0.07343750000000004 0.275 0.07343750000000004 0.275 0.10000000000000005 0.3 0.10000000000000005
1 0.421875 0.10937500000000004 0.40625 0.10937500000000004 0.40625 0.12812500000000004 0.421875 0.12812500000000004
1 0.3625 0.08281250000000004 0.3390625 0.08281250000000004 0.3390625 0.11093750000000005 0.3625 0.11093750000000005
1 0.1843750000000001 0.7765625 0.1593750000000001 0.7765625 0.1593750000000001 0.8140625 0.1843750000000001 0.8140625
1 0.1921875000000001 0.6859375 0.17187500000000008 0.6859375 0.17187500000000008 0.7109375 0.1921875000000001 0.7109375
1 0.3265625 0.10000000000000005 0.3 0.10000000000000005 0.3 0.13593750000000004 0.3265625 0.13593750000000004
1 0.7796875000000002 0.7343750000000002 0.7562500000000002 0.7343750000000002 0.7562500000000002 0.7656250000000002 0.7796875000000002 0.7656250000000002
1 0.5296875 0.6375 0.5078125 0.6375 0.5078125 0.6640625 0.5296875 0.6640625
1 0.6953125 0.39531250000000007 0.6765625 0.39531250000000007 0.6765625 0.41875 0.6953125 0.41875
1 0.21250000000000008 0.60625 0.19531250000000008 0.60625 0.19531250000000008 0.628125 0.21250000000000008 0.628125
1 0.18906250000000008 0.7140625 0.15781250000000008 0.7140625 0.15781250000000008 0.7515625 0.18906250000000008 0.7515625
1 0.68125 0.4234375 0.6609375 0.4234375 0.6609375 0.453125 0.68125 0.453125
1 0.74375 0.3468750000000001 0.7140625 0.3468750000000001 0.7140625 0.3812500000000001 0.74375 0.3812500000000001
1 0.5328125 0.5171875 0.50625 0.5171875 0.50625 0.55 0.5328125 0.55
1 0.7171875 0.2953125000000001 0.6609375 0.2953125000000001 0.6609375 0.36406250000000007 0.7171875 0.36406250000000007
1 0.76875 0.6406250000000002 0.73125 0.6406250000000002 0.7312500000000001 1 0.7687500000000002 1
1 0.03125000000000012 0.9203125 0.0015625000000001124 0.9203125 0.0015625000000001159 0.971875 0.031250000000000125 0.971875
1 0.6765625 0.3906250000000001 0.6515625 0.3906250000000001 0.6515625 0.4203125 0.6765625 0.4203125
1 0.12031250000000009 0.7640625 0.1062500000000001 0.7640625 0.1062500000000001 0.78125 0.12031250000000009 0.78125
1 0.6671875 0.2640625000000001 0.6359375 0.2640625000000001 0.6359375 0.3000000000000001 0.6671875 0.3000000000000001
1 0.66875 0.2718750000000001 0.6140625 0.2718750000000001 0.6140625 0.3468750000000001 0.66875 0.3468750000000001
1 0.1375 0.04843750000000001 0.007812500000000005 0.0484375 0.007812500000000019 0.275 0.13750000000000004 0.275
1 0.06875000000000003 0.259375 0.039062500000000035 0.259375 0.039062500000000035 0.2796875 0.06875000000000005 0.2796875