5 0.24218750000000008 0.8078125 0.2062500000000001 0.8078125 0.2062500000000001 0.8546875 0.24218750000000008 0.8546875
5 0.034375000000000086 0.703125 8.610797806504827e-17 0.703125 8.96479727188336e-17 0.7609375 0.034375000000000086 0.7609375
5 0.925 0.4359375000000002 0.9140625 0.4359375000000002 0.9140625 0.45625000000000016 0.925 0.45625000000000016
5 0.9984375 0.2140625000000001 0.98125 0.2140625000000001 0.98125 0.2375000000000001 0.9984375 0.2375000000000001
5 0.8453125 0.7109375000000002 0.803125 0.7109375000000002 0.803125 0.7703125000000002 0.8453125 0.7703125000000002
5 0.19218750000000004 0.23125 0.18125000000000005 0.23125 0.18125000000000005 0.25 0.19218750000000004 0.25
5 0.31718750000000007 0.9703125 0.2921875000000001 0.9703125 0.2921875000000001 0.9984375 0.31718750000000007 0.9984375
5 0.9046875 0.4671875000000002 0.8921875 0.4671875000000002 0.8921875 0.5015625000000001 0.9046875 0.5015625000000001
5 0.5328125 6.295449951866863e-17 0.4953125 6.065828677026735e-17 0.4953125 0.09687500000000007 0.5328125 0.09687500000000007
5 0.8234375 0.6906250000000002 0.8171875 0.6906250000000002 0.8171875 0.7031250000000002 0.8234375 0.7031250000000002
5 0.06250000000000007 0.575 0.03593750000000007 0.575 0.035937500000000074 0.6203125 0.06250000000000007 0.6203125
0 0.7703125 0.5109375000000002 0.7453125 0.5109375000000002 0.7453125 0.5468750000000002 0.7703125 0.5468750000000002
5 0.9140625 0.903125 0.9015625 0.903125 0.9015625 0.9296875 0.9140625 0.9296875
5 0.70625 0.3593750000000001 0.69375 0.3593750000000001 0.69375 0.3843750000000001 0.70625 0.3843750000000001
5 0.3984375000000001 0.684375 0.3859375000000001 0.684375 0.3859375000000001 0.709375 0.3984375000000001 0.709375
5 0.9203125 0.5015625000000001 0.9109375 0.5015625000000001 0.9109375 0.5187500000000002 0.9203125 0.5187500000000002
5 0.6437500000000002 0.759375 0.6343750000000001 0.759375 0.6343750000000001 0.78125 0.6437500000000002 0.78125
0 0.74375 0.17968750000000008 0.71875 0.17968750000000008 0.71875 0.22031250000000008 0.74375 0.22031250000000008
0 0.5296875 0.4859375 0.4984375 0.4859375 0.4984375 0.5546875 0.5296875 0.5546875