1 0.5750000000000002 0.753125 0.3734375000000001 0.753125 0.3734375000000001 0.884375 0.5750000000000002 0.884375
1 0.590625 0.2984375000000001 0.390625 0.2984375000000001 0.39062500000000006 0.4109375 0.590625 0.4109375
1 0.21875 0.1609375 0.09375000000000003 0.1609375 0.09375000000000003 0.3015625 0.21875 0.3015625
1 0.4859375 0.39687500000000003 0.29375000000000007 0.396875 0.29375000000000007 0.5265625 0.4859375 0.5265625
1 0.50625 0.07187500000000005 0.29375 0.07187500000000005 0.29375 0.19062500000000004 0.50625 0.19062500000000004
1 0.37187500000000007 0.8375 0.1781250000000001 0.8375 0.17812500000000012 0.95625 0.37187500000000007 0.95625
1 0.6750000000000002 0.825 0.4625000000000002 0.825 0.4625000000000002 0.9359375 0.6750000000000002 0.9359375
1 0.6890625 0.4734375 0.490625 0.4734375 0.490625 0.590625 0.6890625 0.590625
1 0.7828125 0.053125000000000075 0.6 0.05312500000000007 0.6 0.17343750000000008 0.7828125 0.17343750000000008
1 0.41875000000000007 0.65625 0.2484375000000001 0.65625 0.2484375000000001 0.778125 0.4187500000000002 0.778125
1 0.83125 0.5890625 0.6625 0.5890625 0.6625 0.6921875000000001 0.83125 0.6921875000000002
1 0.85625 0.828125 0.6781250000000002 0.828125 0.6781250000000002 0.9875 0.85625 0.9875
1 0.7093750000000001 0.678125 0.5453125 0.678125 0.5453125000000001 0.803125 0.7093750000000002 0.803125