1 0.959375 0.2875000000000001 0.803125 0.2875000000000001 0.803125 0.46875000000000017 0.959375 0.46875000000000017
1 0.1750000000000001 0.6125 0.0031250000000000748 0.6125 0.0031250000000000813 0.709375 0.1750000000000001 0.709375
1 0.3312500000000001 0.9296875 0.2234375000000001 0.9296875 0.2234375000000001 1 0.3312500000000001 1
1 0.946875 0.46875000000000017 0.7484375 0.46875000000000017 0.7484375 0.5750000000000002 0.946875 0.5750000000000002
1 0.2484375000000001 0.5328125 0.029687500000000068 0.5328125 0.02968750000000007 0.6359375 0.2484375000000001 0.6359375
1 0.9265625 0.6546875000000002 0.796875 0.6546875000000002 0.7968750000000001 0.8171875 0.9265625 0.8171875
1 0.4906250000000002 0.7265625 0.38750000000000007 0.7265625 0.38750000000000007 0.8078125 0.4906250000000002 0.8078125
1 0.32031250000000006 0.328125 0.18593750000000003 0.328125 0.18593750000000003 0.4828125 0.3203125000000001 0.4828125
1 0.6875 0.553125 0.41875 0.553125 0.41875 0.6796875 0.6875 0.6796875
1 0.7234375 0.3187500000000001 0.6078125 0.3187500000000001 0.6078125 0.4671875 0.7234375 0.4671875
1 0.4750000000000001 0.65 0.2171875000000001 0.65 0.2171875000000001 0.7390625 0.4750000000000002 0.7390625
1 0.49375 0.27031250000000007 0.35 0.2703125 0.35000000000000003 0.39687500000000003 0.49375 0.3968750000000001
1 0.9671875 0.8859375 0.6671875000000002 0.8859375 0.6671875000000002 0.9953125 0.9671875 0.9953125
1 0.3109375000000001 0.721875 0.17968750000000008 0.721875 0.17968750000000008 0.8875 0.3109375000000001 0.8875
1 0.7375000000000002 0.7875000000000001 0.5984375000000002 0.7875 0.5984375000000002 0.865625 0.7375000000000002 0.865625
1 0.6609375 0.12656250000000008 0.5046875 0.12656250000000005 0.5046875 0.3046875000000001 0.6609375 0.3046875000000001
1 0.5625000000000002 0.8671875 0.3828125000000001 0.8671875 0.3828125000000001 0.984375 0.5625000000000002 0.984375
1 0.6125 0.05937500000000005 0.4203125 0.059375000000000046 0.4203125 0.14531250000000007 0.6125 0.1453125000000001
1 0.1515625 0.009375000000000012 0.04375 0.009375000000000005 0.04375000000000001 0.178125 0.1515625 0.178125
1 0.828125 9.299661631025212e-17 0.690625 8.457716956611408e-17 0.690625 0.0812500000000001 0.828125 0.08125000000000011
1 0.46875 0.37812500000000004 0.3046875000000001 0.378125 0.3046875000000001 0.515625 0.46875 0.515625
1 0.2312500000000001 0.7765625 0.07187500000000009 0.7765625 0.0718750000000001 0.9390625 0.2312500000000001 0.9390625