4 0.9953125 0.2671875000000001 0.9234375 0.2671875000000001 0.9234375 0.39531250000000007 0.9953125 0.39531250000000007
4 0.4062500000000001 0.6109375 0.2000000000000001 0.6109375 0.2000000000000001 0.8828125 0.40625000000000017 0.8828125
4 0.9953125 0.6671875000000002 0.85625 0.6671875000000002 0.85625 0.871875 0.9953125 0.871875
4 0.2000000000000001 0.7546875 0.05625000000000009 0.7546875 0.0562500000000001 0.8984375 0.2000000000000001 0.8984375
4 0.984375 0.18437500000000012 0.6953125 0.1843750000000001 0.6953125 0.4828125000000001 0.984375 0.4828125000000002
4 0.6453125 0.15937500000000007 0.5171875 0.15937500000000004 0.5171875 0.2875000000000001 0.6453125 0.2875000000000001
4 0.271875 0.16406250000000003 0.1 0.1640625 0.10000000000000002 0.296875 0.271875 0.296875
4 0.8390625 0.4562500000000001 0.421875 0.45625 0.4218750000000001 0.8359375 0.8390625 0.8359375
4 0.4890625 0.07656250000000006 0.2828125 0.07656250000000005 0.2828125 0.23593750000000005 0.4890625 0.23593750000000008
4 0.4890625000000002 0.8421875 0.3671875000000001 0.8421875 0.3671875000000001 0.91875 0.4890625000000002 0.91875
4 0.45625 0.27656250000000004 0.278125 0.2765625 0.27812500000000007 0.471875 0.45625 0.471875
4 0.2734375 0.2875 0.19531250000000006 0.2875 0.19531250000000006 0.353125 0.2734375 0.353125
4 0.17187500000000006 0.4046875 0.01718750000000005 0.4046875 0.017187500000000057 0.54375 0.17187500000000006 0.54375
4 0.7 0.34843750000000007 0.55 0.34843750000000007 0.55 0.471875 0.7 0.471875
4 0.99375 0.47656250000000017 0.9 0.47656250000000017 0.9 0.6109375000000001 0.99375 0.6109375000000001
4 0.1781250000000001 0.584375 7.156529732517345e-17 0.584375 8.065447278759521e-17 0.7328125 0.1781250000000001 0.7328125
4 0.30000000000000004 0.3546875 0.20625 0.3546875 0.20625000000000004 0.4421875 0.3000000000000001 0.4421875
4 0.08906250000000007 0.5171875 6.333720164340217e-17 0.5171875 6.840800479612169e-17 0.6 0.08906250000000007 0.6
4 0.2609375000000001 0.88125 0.19531250000000008 0.88125 0.1953125000000001 0.9234375 0.2609375000000001 0.9234375
4 0.3328125 2.0378888142061426e-17 0 0 1.0045930774255633e-17 0.16406250000000003 0.3328125 0.16406250000000006
4 0.18906250000000005 0.303125 0.07812500000000004 0.303125 0.07812500000000004 0.3953125 0.18906250000000005 0.3953125
4 0.40625000000000017 0.7328125 0.3500000000000001 0.7328125 0.3500000000000001 0.7796875 0.40625000000000017 0.7796875
4 0.8828125 0.17968750000000008 0.7890625 0.17968750000000008 0.7890625 0.2515625000000001 0.8828125 0.2515625000000001
4 0.428125 0.471875 0.3109375000000001 0.471875 0.3109375000000001 0.584375 0.428125 0.584375
4 0.9 0.6000000000000002 0.828125 0.6000000000000002 0.828125 0.6671875000000002 0.9 0.6671875000000002
4 0.9734375 0.85625 0.8953125 0.85625 0.8953125 0.9125 0.9734375 0.9125
4 0.834375 0.6984375000000002 0.734375 0.6984375000000002 0.7343750000000001 0.80625 0.834375 0.80625
4 0.8171875 0.8359375 0.7562500000000002 0.8359375 0.7562500000000002 0.8921875 0.8171875 0.8921875
4 0.5328125 0.12343750000000005 0.4609375 0.12343750000000005 0.4609375 0.18437500000000004 0.5328125 0.18437500000000004
4 0.4890625 0.4921875 0.421875 0.4921875 0.421875 0.5546875 0.4890625 0.5546875
4 0.9234375 0.3343750000000001 0.884375 0.3343750000000001 0.884375 0.3703125000000001 0.9234375 0.3703125000000001
4 0.9109375 0.3500000000000001 0.8109375 0.3500000000000001 0.8109375 0.4265625000000002 0.9109375 0.4265625000000002
4 0.3234375000000001 0.4609375 0.18437500000000004 0.4609375 0.18437500000000007 0.615625 0.3234375000000001 0.615625
4 0.6671875 0.21093750000000008 0.6171875 0.21093750000000008 0.6171875 0.2562500000000001 0.6671875 0.2562500000000001
4 0.8328125 0.2765625000000001 0.7609375 0.2765625000000001 0.7609375 0.3390625000000001 0.8328125 0.3390625000000001
4 0.9890625 0.6609375000000002 0.9546875 0.6609375000000002 0.9546875 0.6921875000000002 0.9890625 0.6921875000000002
4 0.771875 0.3343750000000001 0.728125 0.3343750000000001 0.728125 0.3703125000000001 0.771875 0.3703125000000001
4 0.5890625 0.5484375 0.5390625 0.5484375 0.5390625 0.5953125 0.5890625 0.5953125
4 0.10000000000000009 0.728125 0.03281250000000009 0.728125 0.03281250000000009 0.784375 0.10000000000000009 0.784375
4 0.7281250000000001 0.6765625000000001 0.621875 0.6765625 0.6218750000000001 0.7593750000000001 0.7281250000000001 0.7593750000000001
4 0.3609375 0.2203125 0.3171875 0.2203125 0.3171875 0.2625 0.3609375 0.2625
4 0.14531250000000004 0.5078125 0.11093750000000005 0.5078125 0.11093750000000005 0.5328125 0.14531250000000004 0.5328125
4 0.75 0.5078125000000001 0.6890625 0.5078125 0.6890625 0.5593750000000001 0.75 0.5593750000000002
4 0.50625 0.23593750000000008 0.4109375 0.23593750000000008 0.4109375 0.3078125000000001 0.50625 0.3078125000000001
4 0.6453125 0.4875 0.5953125 0.4875 0.5953125 0.5328125 0.6453125 0.5328125
4 0.5609375 0.56875 0.4671875 0.56875 0.4671875 0.65625 0.5609375 0.65625
4 0.934375 0.2312500000000001 0.884375 0.2312500000000001 0.884375 0.2765625000000001 0.934375 0.2765625000000001
4 0.5937500000000002 0.871875 0.5390625000000002 0.871875 0.5390625000000002 0.9125 0.5937500000000002 0.9125
4 0.10625000000000004 0.4453125 0.05625000000000004 0.4453125 0.05625000000000006 0.4875 0.10625000000000004 0.4875
4 0.15625000000000008 0.5953125 0.11093750000000009 0.5953125 0.11093750000000009 0.625 0.15625000000000008 0.625
4 0.15000000000000005 0.2203125 0.10000000000000005 0.2203125 0.10000000000000005 0.2671875 0.15000000000000005 0.2671875
4 0.978125 0.44062500000000016 0.94375 0.44062500000000016 0.94375 0.47187500000000016 0.978125 0.47187500000000016
4 0.9390625 0.7125000000000001 0.9109375 0.7125000000000001 0.9109375 0.7437500000000001 0.9390625 0.7437500000000001
4 0.80625 0.4109375000000002 0.7671875 0.4109375000000002 0.7671875 0.44062500000000016 0.80625 0.44062500000000016
4 0.09375000000000004 0.4046875 0.050000000000000044 0.4046875 0.050000000000000044 0.446875 0.09375000000000004 0.446875
4 0.6609375 0.4109375 0.621875 0.4109375 0.621875 0.440625 0.6609375 0.440625
4 0.5109375 0.22656250000000008 0.471875 0.22656250000000008 0.471875 0.2562500000000001 0.5109375 0.2562500000000001
4 0.3281250000000001 0.640625 0.2890625000000001 0.640625 0.2890625000000001 0.671875 0.3281250000000001 0.671875
4 0.5671875 0.33281250000000007 0.5328125 0.33281250000000007 0.5328125 0.36406250000000007 0.5671875 0.36406250000000007
4 0.7781250000000002 0.8921875 0.6937500000000002 0.8921875 0.6937500000000002 0.91875 0.7781250000000002 0.91875
4 0.75 0.2406250000000001 0.69375 0.2406250000000001 0.69375 0.2875000000000001 0.75 0.2875000000000001
4 0.7390625 0.6156250000000001 0.7 0.615625 0.7 0.6562500000000001 0.7390625 0.6562500000000002
4 0.21093750000000006 0.3390625 0.18281250000000004 0.3390625 0.18281250000000004 0.3640625 0.21093750000000008 0.3640625
4 0.8671875 0.928125 0.10625000000000014 0.928125 0.10625000000000014 0.9953125 0.8671875 0.9953125
4 0.3328125 0.31875 0.2890625 0.31875 0.2890625 0.3546875 0.3328125 0.3546875
4 0.4000000000000002 0.83125 0.3671875000000001 0.83125 0.3671875000000001 0.8609375 0.4000000000000002 0.8609375
4 0.5843750000000002 0.790625 0.5453125000000002 0.790625 0.5453125000000002 0.8265625 0.5843750000000002 0.8265625
4 0.3828125000000001 0.384375 0.3390625000000001 0.384375 0.3390625000000001 0.415625 0.3828125000000001 0.415625
4 0.1843750000000001 0.8671875 0.15625000000000008 0.8671875 0.15625000000000008 0.896875 0.1843750000000001 0.896875
4 0.7500000000000002 0.7484375000000001 0.7109375000000002 0.7484375 0.7109375000000002 0.7796875000000001 0.7500000000000002 0.7796875000000002
4 0.334375 0.13281250000000006 0.284375 0.13281250000000006 0.284375 0.17968750000000006 0.334375 0.17968750000000006
4 0.8109375 0.6312500000000002 0.771875 0.6312500000000002 0.771875 0.6609375000000002 0.8109375 0.6609375000000002
4 0.13437500000000005 0.271875 0.09531250000000002 0.271875 0.09531250000000004 0.3078125 0.13437500000000005 0.3078125
4 0.3109375000000001 0.5234375 0.2671875000000001 0.5234375 0.2671875000000001 0.559375 0.3109375000000001 0.559375
4 0.6390625 0.65625 0.59375 0.65625 0.59375 0.6921875 0.6390625 0.6921875
4 0.1062500000000001 0.815625 0.0671875000000001 0.815625 0.0671875000000001 0.8515625 0.1062500000000001 0.8515625
4 0.9671875 0.3234375000000001 0.9453125 0.3234375000000001 0.9453125 0.3390625000000001 0.9671875 0.3390625000000001
4 0.378125 0.30312500000000003 0.35 0.303125 0.35 0.32812500000000006 0.378125 0.3281250000000001
4 0.5734375000000002 0.7390625 0.5453125000000002 0.7390625 0.5453125000000002 0.7640625 0.5734375000000002 0.7640625
4 0.928125 0.02031250000000011 0.89375 0.02031250000000011 0.89375 0.04687500000000011 0.928125 0.04687500000000011
4 0.978125 0.8515625 0.95625 0.8515625 0.95625 0.871875 0.978125 0.871875
4 0.0890625 0.03593750000000001 0.0609375 0.03593750000000001 0.0609375 0.0609375 0.0890625 0.0609375
4 0.528125 0.6046875 0.5 0.6046875 0.5 0.63125 0.528125 0.63125
4 0.08906250000000009 0.6765625 0.05468750000000009 0.6765625 0.05468750000000009 0.7078125 0.08906250000000009 0.7078125
4 0.234375 0.17031250000000003 0.20625 0.17031250000000003 0.20625 0.20625 0.234375 0.20625
4 0.3609375 0.17031250000000003 0.3328125 0.17031250000000003 0.3328125 0.19062500000000004 0.3609375 0.19062500000000004
4 0.9171875 0.5234375000000002 0.8828125 0.5234375000000002 0.8828125 0.5484375000000001 0.9171875 0.5484375000000001
4 0.17812500000000003 0.2609375 0.15625000000000006 0.2609375 0.15625000000000006 0.2875 0.17812500000000003 0.2875
4 0.1218750000000001 0.6765625 0.08906250000000009 0.6765625 0.08906250000000009 0.703125 0.1218750000000001 0.703125
4 0.3281250000000001 0.9328125 0.2890625000000001 0.9328125 0.2890625000000001 0.9796875 0.3281250000000001 0.9796875
4 0.7734375 0.2828125000000001 0.7453125 0.2828125000000001 0.7453125 0.3031250000000001 0.7734375 0.3031250000000001
4 0.3343750000000001 0.815625 0.3062500000000001 0.815625 0.3062500000000001 0.8453125 0.3343750000000001 0.8453125
4 0.4281250000000002 0.8625 0.40625000000000017 0.8625 0.40625000000000017 0.8828125 0.4281250000000002 0.8828125
4 0.8609375 0.3843750000000001 0.8390625 0.3843750000000001 0.8390625 0.4109375000000002 0.8609375 0.4109375000000002
4 0.621875 0.5390625 0.6 0.5390625 0.6 0.559375 0.621875 0.559375
4 0.55625 0.2156250000000001 0.534375 0.2156250000000001 0.534375 0.2312500000000001 0.55625 0.2312500000000001
4 0.18437500000000012 0.9484375 0.10625000000000014 0.9484375 0.10625000000000014 0.9953125 0.18437500000000012 0.9953125
4 0.44531250000000017 0.9328125 0.40625000000000017 0.9328125 0.40625000000000017 0.984375 0.44531250000000017 0.984375
4 0.5109375000000002 0.9328125 0.4671875000000002 0.9328125 0.4671875000000002 0.9796875 0.5109375000000002 0.9796875
4 0.971875 8.467284509729747e-17 0.4109375 5.032532940246154e-17 0.4109375 0.20468750000000008 0.971875 0.20468750000000008
4 0.4000000000000002 0.9328125 0.37187500000000007 0.9328125 0.37187500000000007 0.984375 0.4000000000000002 0.984375
4 0.2062500000000001 0.9328125 0.17187500000000014 0.9328125 0.17187500000000014 0.984375 0.2062500000000001 0.984375
4 0.2500000000000001 0.9328125 0.21093750000000008 0.9328125 0.21093750000000008 0.984375 0.2500000000000001 0.984375