1 0.959375 0.0015625000000000597 0.015625 0.001562500000000002 0.015625000000000062 0.9796875 0.959375 0.9796875
2 0.20625 0.07812500000000001 0.084375 0.078125 0.084375 0.18281250000000002 0.20625 0.18281250000000004
2 0.7875 0.09062500000000008 0.48125 0.09062500000000007 0.48125 0.2828125000000001 0.7875 0.2828125000000001
2 0.5125 0.30937500000000007 0.4109375 0.30937500000000007 0.4109375 0.3656250000000001 0.5125 0.3656250000000001
2 0.2093750000000001 0.5421875 0.08281250000000007 0.5421875 0.08281250000000008 0.6421875 0.2093750000000001 0.6421875
2 0.7828125 0.0828125000000001 0.7171875 0.0828125000000001 0.7171875 0.1296875000000001 0.7828125 0.1296875000000001
2 0.1843750000000001 0.7921875 0.10468750000000009 0.7921875 0.10468750000000009 0.8515625 0.1843750000000001 0.8515625
2 0.18437500000000004 0.3328125 0.10625000000000004 0.3328125 0.10625000000000004 0.390625 0.18437500000000004 0.390625
2 0.4734375 0.10312500000000005 0.39375 0.10312500000000005 0.39375 0.16093750000000004 0.4734375 0.16093750000000004
2 0.303125 0.28125 0.2796875 0.28125 0.2796875 0.3015625 0.303125 0.3015625
2 0.115625 0.15 0.08281250000000002 0.15 0.08281250000000002 0.18125 0.115625 0.18125
2 0.453125 0.58125 0.415625 0.58125 0.415625 0.6140625 0.453125 0.6140625
2 0.4203125000000002 0.83125 0.3906250000000001 0.83125 0.3906250000000001 0.85625 0.4203125000000002 0.85625
2 0.784375 0.07968750000000009 0.765625 0.07968750000000009 0.765625 0.09531250000000009 0.784375 0.09531250000000009
2 0.996875 0.2609375000000001 0.9640625 0.2609375000000001 0.9640625 0.3578125000000001 0.996875 0.3578125000000001
2 0.10781250000000009 0.61875 0.08281250000000007 0.61875 0.08281250000000008 0.640625 0.10781250000000009 0.640625
2 0.46093750000000017 0.784375 0.44062500000000016 0.784375 0.44062500000000016 0.8 0.46093750000000017 0.8
2 0.2078125 0.08125000000000002 0.190625 0.08125000000000002 0.190625 0.09843750000000002 0.2078125 0.09843750000000002
2 0.1296875 0.057812500000000024 0.0921875 0.057812500000000024 0.0921875 0.08593750000000003 0.1296875 0.08593750000000003
2 0.4390625000000002 0.8171875 0.41718750000000016 0.8171875 0.41718750000000016 0.834375 0.4390625000000002 0.834375
2 0.1703125 0.09218750000000002 0.1546875 0.09218750000000002 0.1546875 0.10625 0.1703125 0.10625
2 0.1687500000000001 0.553125 0.14843750000000008 0.553125 0.14843750000000008 0.56875 0.1687500000000001 0.56875