0 0.671875 0.59375 0.6484375 0.59375 0.6484375 0.625 0.671875 0.625
0 0.5796875 0.6203125 0.5578125 0.6203125 0.5578125 0.6515625 0.5796875 0.6515625
0 0.4328125 0.446875 0.36406250000000007 0.446875 0.36406250000000007 0.50625 0.4328125 0.50625
0 0.8125 0.3531250000000001 0.790625 0.3531250000000001 0.790625 0.3812500000000001 0.8125 0.3812500000000001
0 0.41875 0.11562500000000005 0.375 0.11562500000000005 0.375 0.2000000000000001 0.41875 0.2000000000000001
0 0.6890625000000001 0.7875 0.6671875000000002 0.7875 0.6671875000000002 0.81875 0.6890625000000001 0.81875
0 0.5421875 0.3031250000000001 0.4484375 0.3031250000000001 0.4484375 0.4375 0.5421875 0.4375
0 0.7609375 0.3218750000000001 0.7015625 0.3218750000000001 0.7015625 0.3812500000000001 0.7609375 0.3812500000000001
0 0.6640625000000002 0.76875 0.6421875000000001 0.76875 0.6421875000000001 0.803125 0.6640625000000002 0.803125
0 0.4890625 0.4796875 0.43125 0.4796875 0.43125 0.5390625 0.4890625 0.5390625
0 0.61875 0.1625000000000001 0.56875 0.1625000000000001 0.56875 0.24375000000000008 0.61875 0.24375000000000008