5 0.04375000000000007 0.4625 5.663991446056509e-17 0.4625 6.879070692085523e-17 0.6609375 0.04375000000000008 0.6609375
5 0.878125 0.853125 0.7875000000000002 0.853125 0.7875000000000002 0.99375 0.878125 0.99375
5 0.9984375 0.34843750000000007 0.8484375 0.34843750000000007 0.8484375 0.8890625 0.9984375 0.8890625
5 0.4828125 0.0062500000000000515 0.3609375 0.006250000000000045 0.3609375 0.15000000000000005 0.4828125 0.15000000000000005
5 0.20468750000000008 0.8453125 0.009375000000000102 0.8453125 0.009375000000000112 0.9953125 0.20468750000000008 0.9953125
5 0.7625 0.007812500000000087 0.65 0.00781250000000008 0.65 0.1671875000000001 0.7625 0.1671875000000001
5 0.5218750000000002 0.8515625 0.2578125000000001 0.8515625 0.2578125000000001 0.9984375 0.5218750000000002 0.9984375
5 0.64375 0.04062500000000007 0.5828125 0.040625000000000064 0.5828125 0.1703125000000001 0.64375 0.1703125000000001
5 0.9484375 0.16093750000000012 0.7875 0.1609375000000001 0.7875 0.3890625000000001 0.9484375 0.3890625000000001
5 0.7703125000000001 0.5890625 0.596875 0.5890625 0.596875 0.80625 0.7703125000000002 0.80625
5 0.3765625000000001 0.540625 0.2015625000000001 0.540625 0.2015625000000001 0.859375 0.3765625000000001 0.859375
5 0.9890625 6.075396230145073e-17 0.003125 3.827021247335479e-19 0.003125000000000061 0.9921875 0.9890625 0.9921875
5 0.8234375 0.5015625000000001 0.75 0.5015625000000001 0.75 0.6781250000000002 0.8234375 0.6781250000000002
5 0.5203125 0.3515625000000001 0.4546875 0.3515625000000001 0.4546875 0.490625 0.5203125 0.490625
5 0.7921875 0.2921875000000001 0.6296875 0.2921875000000001 0.6296875 0.48906250000000007 0.7921875 0.4890625000000002
5 0.634375 0.15625000000000006 0.4921875 0.15625000000000006 0.4921875 0.4828125 0.634375 0.4828125
5 0.6265625000000001 0.5140625 0.546875 0.5140625 0.5468750000000001 0.7421875 0.6265625000000001 0.7421875
5 0.334375 0.08593750000000004 0.3171875 0.08593750000000004 0.3171875 0.12187500000000004 0.334375 0.12187500000000004
5 0.8796875 0.4968750000000002 0.8578125 0.4968750000000002 0.8578125 0.5328125000000001 0.8796875 0.5328125000000001
5 0.040625000000000036 0.2859375 0.023437500000000035 0.2859375 0.023437500000000035 0.31875 0.04062500000000004 0.31875
5 0.25781250000000006 0.3515625 0.17031250000000003 0.3515625 0.17031250000000003 0.5328125 0.2578125000000001 0.5328125