1 0.4343750000000002 0.7328125 0.3312500000000001 0.7328125 0.3312500000000001 0.834375 0.4343750000000002 0.834375
1 0.13437500000000008 0.590625 0.04218750000000008 0.590625 0.042187500000000086 0.71875 0.13437500000000008 0.71875
1 0.4619432894614537 0.3817695957306719 0.4396630040450926 0.3578978617822803 0.36222832516633424 0.430170230026366 0.38450861058269536 0.4540419639747576
1 0.5994461231786966 0.37942265935573655 0.5772564588200909 0.35690667723141545 0.5073022114656098 0.4258470974486667 0.5294918758242154 0.4483630795729878
1 0.660282362161299 0.3793984558273723 0.6157305030609529 0.36234344726552103 0.5687449980516369 0.48508109300414226 0.613296857151983 0.5021361015659934
1 0.5700271670377057 0.06894750795383776 0.49323302408528874 0.05646065388039301 0.488187624618455 0.08748985672276965 0.564981767570872 0.09997671079621441
1 0.4251308385645354 0.023899830272376122 0.3440225798655468 -0.00937535148380737 0.3328351853398376 0.01789392373781502 0.41394344403882605 0.051169105493998515
1 0.6167395516335421 0.7020314909283115 0.5523635309215901 0.6185166532479413 0.4823934796964334 0.6724519010673328 0.5467695004083855 0.7559667387477031
1 0.24364530343622692 0.6543326734760637 0.24256111793009055 0.6209939483256701 0.16126159659625167 0.6236378335458862 0.16234578210238798 0.6569765586962798
1 0.268001365608597 0.7247544314678042 0.23138519674728694 0.7088553049918694 0.20902567339836234 0.7603499631318537 0.2456418422596724 0.7762490896077884
1 0.31040102796246666 0.8408735480965148 0.2435733914209115 0.767132707774799 0.22003809230562998 0.7884615725980229 0.28686572884718514 0.8622024129197386
1 0.6834375000000001 0.4801041671874998 0.6472916664062499 0.4439583335937501 0.6133333335937501 0.4779166664062503 0.6494791671875003 0.5140625
1 0.45573376749484684 0.3733349661298176 0.37247083358353333 0.35499729616125447 0.3473352016274964 0.46912665206974624 0.4305981355388099 0.48746432203830936
1 0.5965518320670276 0.37978975878434645 0.5736412364696086 0.35779558701082437 0.5097777896024147 0.42432001083081816 0.5326883851998336 0.4463141826043403
1 0.7410533450013632 0.42599540810862796 0.7299491435248247 0.3305815297828315 0.7004244611484222 0.3340175919929738 0.7115286626249608 0.42943147031877027
1 0.6203006900398089 0.4090806788853503 0.5952730891719745 0.4081868359972134 0.5943473991321657 0.4341061571118631 0.619375 0.43500000000000005
1 0.8998897057798445 0.31294117624091716 0.8771397055460207 0.29344117638871114 0.8115514707125433 0.36996078506085645 0.8343014709463669 0.3894607849130624
1 0.9029072564894314 0.3154539810626182 0.8826423673212085 0.2954557345150876 0.8114424708872588 0.36760496052816 0.8317073600554817 0.38760320707569057
1 0.6901545358018403 0.6544776598195897 0.6462283885884317 0.6429025262367466 0.6309953575389142 0.7007099251404897 0.6749215047523229 0.7122850587233328
1 0.9330436388683431 0.0015285995284764376 0.9058247043269227 -0.009812623197115355 0.873687130547337 0.06731755387389056 0.9009060650887573 0.07865877659948235
1 0.9262499999999999 0.2900000000000001 0.90625 0.2900000000000001 0.90625 0.3975000000000001 0.9262499999999999 0.3975000000000001
1 0.893478110184127 0.222101537198563 0.8807957705994909 0.20015133301600999 0.8426119955691519 0.22221306863954543 0.855294335153788 0.24416327282209843
1 0.90425 0.2380833328125001 0.896875 0.2233333328125 0.885375 0.2290833328125 0.89275 0.2438333328125001
1 0.3520542458018868 0.9967106918691039 0.2998820757311321 0.9397955972464624 0.27852358464622645 0.9593742140742926 0.3306957547169811 1.016289308696934
1 0.23153625144855602 0.6633417569133573 0.16303504819043327 0.6559362214259928 0.15939365233754527 0.6896191330652077 0.227894855595668 0.6970246685525722
1 0.999375 6.161504208210122e-17 1.0205393182078985e-19 4.2097233720690274e-19 6.128336697111583e-17 0.9991666671875 0.999375 0.9991666671875
1 0.5169137219315951 0.2235548716299851 0.42681812874947467 0.1385077374941996 0.14060726015036026 0.441708289089941 0.23070285333248072 0.5267554232257264
1 0.999375 0.005833332812500122 0.9400000000000001 0.0058333328125001185 0.9400000000000001 0.42250000000000015 0.999375 0.42250000000000015