5 0.99375 0.8234375 0.9171875 0.8234375 0.9171875 0.9953125 0.99375 0.9953125
5 0.3859375000000001 0.86875 0.3140625000000001 0.86875 0.3140625000000001 0.9890625 0.3859375000000001 0.9890625
5 0.96875 0.6578125000000001 0.6015625 0.6578125 0.6015625000000001 0.8359375 0.96875 0.8359375
5 0.5578125000000002 0.8671875 0.4859375000000002 0.8671875 0.4859375000000002 0.9890625 0.5578125000000002 0.9890625
5 0.7265625000000001 0.6609375000000001 0.6796875 0.6609375 0.6796875000000001 0.7640625000000001 0.7265625000000002 0.7640625000000002
5 0.9984375 0.2453125000000001 0.9875 0.2453125000000001 0.9875 0.3109375000000001 0.9984375 0.3109375000000001
5 0.9359375 0.846875 0.9140625 0.846875 0.9140625 0.903125 0.9359375 0.903125
5 0.9984375 0.2671875000000001 0.8375 0.2671875000000001 0.8375 0.6718750000000002 0.9984375 0.6718750000000002
5 0.2515625 0.009375000000000027 0.2 0.009375000000000026 0.2 0.059375000000000025 0.2515625 0.059375000000000025
5 0.7921875000000002 0.8578125 0.7609375000000002 0.8578125 0.7609375000000002 0.8921875 0.7921875000000002 0.8921875
5 0.946875 1.1366253104586372e-16 0.909375 1.1136631829746244e-16 0.909375 0.042187500000000114 0.946875 0.042187500000000114
5 0.3359375000000001 0.95625 0.3140625000000001 0.95625 0.3140625000000001 0.9953125 0.3359375000000001 0.9953125
5 0.6328125000000001 0.7 0.6125 0.7 0.6125 0.728125 0.6328125000000002 0.728125
0 0.28593750000000007 0.7578125 0.2484375000000001 0.7578125 0.2484375000000001 0.8140625 0.28593750000000007 0.8140625
0 0.41875000000000007 0.70625 0.3500000000000001 0.70625 0.3500000000000001 0.784375 0.4187500000000002 0.784375
0 0.2390625000000001 0.4828125 0.21093750000000008 0.4828125 0.21093750000000008 0.525 0.2390625000000001 0.525