5 0.290625 0.2828125 0.215625 0.2828125 0.21562500000000004 0.3640625 0.2906250000000001 0.3640625
5 0.07031250000000008 0.4640625 0.001562500000000057 0.4640625 0.0015625000000000764 0.7796875 0.07031250000000008 0.7796875
5 0.17343750000000008 0.5734375 0.1453125000000001 0.5734375 0.1453125000000001 0.6203125 0.17343750000000008 0.6203125
5 0.9125 0.37968750000000007 0.86875 0.37968750000000007 0.86875 0.5000000000000002 0.9125 0.5000000000000002
5 0.4734375 0.08750000000000005 0.409375 0.08750000000000005 0.409375 0.17187500000000006 0.4734375 0.17187500000000006
5 0.5796875 0.17187500000000006 0.525 0.17187500000000006 0.525 0.2484375000000001 0.5796875 0.2484375000000001
5 0.68125 0.653125 0.6375 0.653125 0.6375 0.6921875 0.68125 0.6921875
5 0.031250000000000035 0.2796875 0.009375000000000033 0.2796875 0.009375000000000036 0.315625 0.031250000000000035 0.315625
5 0.83125 0.7328125000000002 0.815625 0.7328125000000002 0.815625 0.7593750000000001 0.83125 0.7593750000000001
5 0.1890625 1.9900510486144492e-17 0.1359375 1.6647542425909335e-17 0.1359375 0.046875000000000014 0.1890625 0.04687500000000002
5 0.403125 0.006250000000000045 0.328125 0.0062500000000000385 0.328125 0.20781250000000004 0.403125 0.2078125000000001
5 0.6437500000000002 0.7265625 0.6250000000000002 0.7265625 0.6250000000000002 0.75625 0.6437500000000002 0.75625
5 0.6 0.6640625 0.56875 0.6640625 0.56875 0.7 0.6 0.7
0 0.15000000000000005 0.253125 0.10937500000000004 0.253125 0.10937500000000004 0.31875 0.15000000000000005 0.31875
5 0.023437500000000014 0.0875 1.071565949253934e-17 0.0875 1.3203223303307403e-17 0.128125 0.023437500000000017 0.128125
5 0.825 0.6000000000000002 0.809375 0.6000000000000002 0.809375 0.6281250000000002 0.825 0.6281250000000002
5 0.2265625 0.2296875 0.16875000000000004 0.2296875 0.16875000000000004 0.2953125 0.2265625 0.2953125
5 0.08593750000000004 0.30625 0.07031250000000004 0.30625 0.07031250000000004 0.33125 0.08593750000000004 0.33125
5 0.2515625 0.225 0.2234375 0.225 0.2234375 0.2671875 0.2515625 0.2671875
5 0.265625 0.020312500000000032 0.2421875 0.02031250000000003 0.2421875 0.057812500000000024 0.265625 0.057812500000000024
5 0.6171875 0.03281250000000007 0.5671875 0.032812500000000064 0.5671875 0.10468750000000009 0.6171875 0.10468750000000009
5 0.78125 0.4390625000000002 0.7609375 0.4390625000000002 0.7609375 0.46875000000000017 0.78125 0.46875000000000017
5 0.803125 0.1281250000000001 0.775 0.1281250000000001 0.775 0.1750000000000001 0.803125 0.1750000000000001
5 0.6312500000000002 0.8140625 0.6156250000000002 0.8140625 0.6156250000000002 0.8421875 0.6312500000000002 0.8421875
5 0.7640625000000001 0.7218750000000002 0.746875 0.7218750000000002 0.7468750000000001 0.7500000000000002 0.7640625000000002 0.7500000000000002
5 0.6046875000000002 0.846875 0.5890625000000002 0.846875 0.5890625000000002 0.8734375 0.6046875000000002 0.8734375
5 0.3625 4.267128690779059e-17 0.334375 4.0949127346489623e-17 0.334375 0.04687500000000004 0.3625 0.04687500000000004
0 0.5078125 0.4 0.4890625 0.4 0.4890625 0.4296875 0.5078125 0.4296875