5 0.17500000000000004 0.3046875 0.14687500000000003 0.3046875 0.14687500000000003 0.3546875 0.17500000000000004 0.3546875
0 0.3703125000000001 0.58125 0.34843750000000007 0.58125 0.34843750000000007 0.61875 0.3703125000000001 0.61875
0 0.6625 0.10000000000000009 0.64375 0.10000000000000009 0.64375 0.1296875000000001 0.6625 0.1296875000000001
0 0.75625 0.1546875000000001 0.703125 0.1546875000000001 0.703125 0.2531250000000001 0.75625 0.2531250000000001
0 0.528125 0.2171875000000001 0.478125 0.2171875000000001 0.478125 0.2984375000000001 0.528125 0.2984375000000001
0 0.47968750000000016 0.7453125 0.4109375000000002 0.7453125 0.4109375000000002 0.8875 0.47968750000000016 0.8875
0 0.5296875 0.06406250000000005 0.4515625 0.06406250000000005 0.4515625 0.2171875000000001 0.5296875 0.2171875000000001
0 0.6765625000000002 0.8171875 0.6140625000000002 0.8171875 0.6140625000000002 0.9546875 0.6765625000000002 0.9546875
0 0.409375 4.4010744344358005e-17 0.309375 3.788751034862124e-17 0.309375 0.10156250000000004 0.409375 0.10156250000000004
0 0.8203125 0.5875000000000001 0.7515625 0.5875000000000001 0.7515625 0.7140625000000002 0.8203125 0.7140625000000002
0 0.5843750000000002 0.7625 0.5312500000000002 0.7625 0.5312500000000002 0.8546875 0.5843750000000002 0.8546875
0 0.6656250000000001 0.7515625 0.6187500000000001 0.7515625 0.6187500000000001 0.825 0.6656250000000001 0.825
0 0.721875 0.3156250000000001 0.68125 0.3156250000000001 0.68125 0.3921875000000001 0.721875 0.3921875000000001