4 0.3812500000000001 0.55625 0.30156250000000007 0.55625 0.30156250000000007 0.65625 0.3812500000000001 0.65625
4 0.6875 0.5109375 0.609375 0.5109375 0.609375 0.628125 0.6875 0.628125
4 0.3843750000000001 0.5296875 0.06406250000000006 0.5296875 0.06406250000000009 0.890625 0.3843750000000001 0.890625
4 0.9265625 0.4703125000000001 0.6078125 0.4703125 0.6078125000000001 0.8390625 0.9265625 0.8390625
4 0.4484375 0.2953125000000001 0.40625 0.2953125000000001 0.40625 0.3437500000000001 0.4484375 0.3437500000000001
4 0.528125 0.28593750000000007 0.4875 0.28593750000000007 0.4875 0.3312500000000001 0.528125 0.3312500000000001
4 0.5484375 0.4234375 0.41875 0.4234375 0.41875 0.5625 0.5484375 0.5625
4 0.2718750000000001 0.390625 0.050000000000000044 0.390625 0.05000000000000006 0.51875 0.2718750000000001 0.51875
4 0.746875 0.4328125000000001 0.725 0.4328125 0.725 0.44218750000000007 0.746875 0.4421875000000002
4 0.9078125 0.4296875000000001 0.71875 0.4296875 0.71875 0.4765625000000001 0.9078125 0.47656250000000017
4 0.4125000000000002 0.7453125 0.40156250000000016 0.7453125 0.40156250000000016 0.765625 0.4125000000000002 0.765625
4 0.23593750000000008 0.578125 0.050000000000000065 0.578125 0.050000000000000065 0.634375 0.23593750000000008 0.634375
4 0.20468750000000008 0.5171875 0.06406250000000006 0.5171875 0.06406250000000006 0.54375 0.20468750000000008 0.54375
4 0.2328125000000001 0.484375 0.2093750000000001 0.484375 0.2093750000000001 0.4921875 0.2328125000000001 0.4921875
4 0.4875000000000001 0.7125 0.4078125 0.7125 0.4078125000000001 0.9390625 0.48750000000000016 0.9390625
4 0.859375 0.3859375000000001 0.7265625 0.3859375000000001 0.7265625 0.43750000000000017 0.859375 0.43750000000000017
4 0.21875000000000008 0.45625 0.12187500000000004 0.45625 0.12187500000000004 0.4734375 0.21875000000000008 0.4734375
4 0.89375 0.5609375000000002 0.7484375 0.5609375000000002 0.7484375 0.5968750000000002 0.89375 0.5968750000000002
4 0.4250000000000001 0.715625 0.32500000000000007 0.715625 0.32500000000000007 0.8828125 0.42500000000000016 0.8828125
4 0.6093750000000001 0.725 0.596875 0.725 0.596875 0.746875 0.6093750000000002 0.746875
4 0.32656250000000003 0.2 0.10781250000000005 0.2 0.10781250000000005 0.378125 0.3265625000000001 0.378125
4 0.6281250000000002 0.7296875 0.5328125000000001 0.7296875 0.5328125000000001 0.9359375 0.6281250000000002 0.9359375
4 0.6203125 0.2640625000000001 0.59375 0.2640625000000001 0.59375 0.2968750000000001 0.6203125 0.2968750000000001
4 0.6984375 0.1921875000000001 0.621875 0.1921875000000001 0.621875 0.2953125000000001 0.6984375 0.2953125000000001
4 0.4375 0.07031250000000003 0.2703125 0.07031250000000003 0.2703125 0.33281250000000007 0.4375 0.33281250000000007
4 0.3109375 0.29375 0.29375 0.29375 0.29375 0.3125 0.3109375 0.3125
4 0.12812500000000004 0.3921875 0.057812500000000044 0.3921875 0.057812500000000044 0.4109375 0.12812500000000004 0.4109375
4 0.475 0.03593750000000005 0.4296875 0.03593750000000005 0.4296875 0.2390625000000001 0.475 0.2390625000000001
4 0.9015625 0.1437500000000001 0.5796875 0.1437500000000001 0.5796875 0.4859375000000001 0.9015625 0.4859375000000002
4 0.9328125 0.5203125000000002 0.753125 0.5203125000000002 0.753125 0.5562500000000001 0.9328125 0.5562500000000001
4 0.9 0.45312500000000017 0.8515625 0.45312500000000017 0.8515625 0.4671875000000002 0.9 0.4671875000000002
4 0.53125 0.18437500000000004 0.5234375 0.18437500000000004 0.5234375 0.19843750000000004 0.53125 0.19843750000000004
4 0.540625 0.5703125 0.45 0.5703125 0.45 0.7046875 0.540625 0.7046875
4 0.684375 0.5390625 0.66875 0.5390625 0.66875 0.5609375 0.684375 0.5609375
4 0.4859375 0.43125 0.4734375 0.43125 0.4734375 0.4515625 0.4859375 0.4515625
4 0.5328125000000001 0.7625 0.4937500000000002 0.7625 0.4937500000000002 0.946875 0.5328125000000001 0.946875
4 0.934375 0.5000000000000002 0.7875 0.5000000000000002 0.7875 0.5218750000000002 0.934375 0.5218750000000002
4 0.1468750000000001 0.7453125 0.10937500000000008 0.7453125 0.10937500000000008 0.7703125 0.1468750000000001 0.7703125
4 0.60625 0.040625000000000064 0.4859375 0.04062500000000006 0.4859375 0.2656250000000001 0.60625 0.2656250000000001
4 0.4953125 0.546875 0.4828125 0.546875 0.4828125 0.5609375 0.4953125 0.5609375
4 0.540625 0.453125 0.5234375 0.453125 0.5234375 0.46875 0.540625 0.46875
4 0.13281250000000006 0.3015625 0.06562500000000004 0.3015625 0.06562500000000004 0.33125 0.13281250000000006 0.33125
4 0.5296875000000002 0.896875 0.5156250000000002 0.896875 0.5156250000000002 0.965625 0.5296875000000002 0.965625
4 0.7296875000000002 0.7859375000000001 0.6765625000000002 0.7859375 0.6765625000000002 0.846875 0.7296875000000002 0.846875
4 0.3109375000000001 0.790625 0.2375000000000001 0.790625 0.2375000000000001 0.8875 0.3109375000000001 0.8875
4 0.446875 0.5203125 0.428125 0.5203125 0.428125 0.5359375 0.446875 0.5359375
4 0.9015625 0.6703125000000002 0.871875 0.6703125000000002 0.871875 0.6906250000000002 0.9015625 0.6906250000000002
4 0.73125 0.4281250000000001 0.5921875 0.428125 0.5921875 0.5312500000000001 0.73125 0.5312500000000002
4 0.4500000000000002 0.9078125 0.4390625000000002 0.9078125 0.4390625000000002 0.940625 0.4500000000000002 0.940625
4 0.4390625000000002 0.8875 0.4187500000000002 0.8875 0.4187500000000002 0.9515625 0.4390625000000002 0.9515625
4 0.5390625 0.51875 0.521875 0.51875 0.521875 0.5359375 0.5390625 0.5359375
4 0.3359375000000001 0.840625 0.3078125000000001 0.840625 0.3078125000000001 0.8875 0.3359375000000001 0.8875
4 0.4375 0.465625 0.4234375 0.465625 0.4234375 0.4765625 0.4375 0.4765625
4 0.6343750000000001 0.8875 0.6125000000000002 0.8875 0.6125000000000002 0.928125 0.6343750000000001 0.928125
4 0.4234375 0.3921875 0.2953125000000001 0.3921875 0.2953125000000001 0.4984375 0.4234375 0.4984375
4 0.515625 0.2578125000000001 0.43125 0.2578125000000001 0.43125 0.415625 0.515625 0.415625
4 0.5234375 0.5390625 0.496875 0.5390625 0.496875 0.5625 0.5234375 0.5625
4 0.4515625 0.03437500000000006 0.4390625 0.03437500000000006 0.4390625 0.08125000000000004 0.4515625 0.08125000000000004
4 0.703125 0.571875 0.6609375 0.571875 0.6609375 0.5984375 0.703125 0.5984375
4 0.6890625000000001 0.28125000000000006 0.2796875 0.28125 0.27968750000000003 0.765625 0.6890625000000001 0.765625
4 0.3203125 0.07500000000000004 0.296875 0.07500000000000004 0.296875 0.10468750000000004 0.3203125 0.10468750000000004
4 0.27656250000000004 0.3453125 0.17812500000000003 0.3453125 0.17812500000000003 0.403125 0.2765625000000001 0.403125
4 0.6390625 0.2968750000000001 0.5046875 0.2968750000000001 0.5046875 0.4078125 0.6390625 0.4078125
4 0.3218750000000001 0.6109375 0.2890625000000001 0.6109375 0.2890625000000001 0.6390625 0.3218750000000001 0.6390625
3 0.96875 0.9140625 1.1194037148456274e-16 0.9140625 1.1710685016846565e-16 0.9984375 0.96875 0.9984375
4 0.665625 0.3625000000000001 0.6140625 0.3625000000000001 0.6140625 0.4046875 0.665625 0.4046875
4 0.4703125000000001 0.6 0.3515625000000001 0.6 0.3515625000000001 0.7515625 0.4703125000000002 0.7515625
4 0.4734375 0.2500000000000001 0.4578125 0.2500000000000001 0.4578125 0.2828125000000001 0.4734375 0.2828125000000001
4 0.515625 0.675 0.4953125 0.675 0.4953125 0.721875 0.515625 0.721875