1 0.09687500000000006 0.4078125 0.00312500000000005 0.4078125 0.0031250000000000605 0.5796875 0.09687500000000007 0.5796875
1 0.22812500000000008 0.4265625 0.059375000000000046 0.4265625 0.05937500000000005 0.540625 0.22812500000000008 0.540625
1 0.7875 0.05156250000000009 0.64375 0.05156250000000009 0.64375 0.21093750000000008 0.7875 0.21093750000000008
1 0.971875 0.08125000000000011 0.8421875 0.08125000000000011 0.8421875 0.2609375000000001 0.971875 0.2609375000000001
1 0.671875 0.34062500000000007 0.49375 0.34062500000000007 0.49375 0.3984375000000001 0.671875 0.3984375000000001
1 0.8625 0.49218750000000017 0.8125 0.49218750000000017 0.8125 0.6828125000000002 0.8625 0.6828125000000002
1 0.275 0.253125 0.10937500000000004 0.253125 0.10937500000000004 0.3203125 0.275 0.3203125
1 0.453125 0.06875000000000005 0.3046875 0.06875000000000005 0.3046875 0.13281250000000006 0.453125 0.13281250000000006
1 0.5859375 0.41875 0.46875 0.41875 0.46875 0.490625 0.5859375 0.490625
1 0.771875 0.37968750000000007 0.6390625 0.37968750000000007 0.6390625 0.4671875000000001 0.771875 0.4671875000000002
1 0.3968750000000001 0.571875 0.2296875000000001 0.571875 0.2296875000000001 0.6328125 0.3968750000000001 0.6328125
1 0.9234375 0.3218750000000001 0.8453125 0.3218750000000001 0.8453125 0.4781250000000002 0.9234375 0.4781250000000002
1 0.528125 0.001562500000000059 0.4375 0.0015625000000000534 0.4375 0.11406250000000004 0.528125 0.11406250000000004
1 0.12500000000000003 0.0046875000000000085 0.0140625 0.0046875000000000016 0.014062500000000016 0.2625 0.12500000000000006 0.2625
1 0.8921875 0.5796875000000001 0.85625 0.5796875000000001 0.85625 0.7750000000000001 0.8921875 0.7750000000000001
1 0.18750000000000008 0.66875 0.0671875000000001 0.66875 0.0671875000000001 0.7875 0.18750000000000008 0.7875
1 0.3187500000000001 0.621875 0.2593750000000001 0.621875 0.2593750000000001 0.7890625 0.3187500000000001 0.7890625
1 0.25781250000000006 0.3203125 0.14843750000000006 0.3203125 0.14843750000000006 0.4296875 0.2578125000000001 0.4296875
1 0.903125 0.14218750000000008 0.8484375 0.14218750000000008 0.8484375 0.3671875000000001 0.903125 0.3671875000000001
1 0.35468750000000004 0.3265625 0.240625 0.3265625 0.24062500000000003 0.475 0.3546875000000001 0.475
1 0.5562500000000001 0.721875 0.5109375 0.721875 0.5109375 0.9421875 0.5562500000000001 0.9421875
1 0.615625 0.6328125 0.5125 0.6328125 0.5125 0.6859375 0.615625 0.6859375
1 0.51875 0.6796875 0.4421875 0.6796875 0.44218750000000007 0.7796875 0.5187500000000002 0.7796875
1 0.728125 0.23437500000000008 0.6125 0.23437500000000008 0.6125 0.3890625000000001 0.728125 0.3890625000000001
1 0.965625 0.057812500000000114 0.8296875 0.057812500000000114 0.8296875 0.12968750000000012 0.965625 0.12968750000000012
1 0.4546875000000001 0.63125 0.3984375000000001 0.63125 0.3984375000000001 0.8046875 0.4546875000000002 0.8046875
1 0.65625 0.5640625 0.5421875 0.5640625 0.5421875 0.634375 0.65625 0.634375
1 0.325 0.0015625000000000367 0.2765625 0.001562500000000034 0.2765625 0.06093750000000005 0.325 0.06093750000000005
1 0.4453125 0.3609375000000001 0.3828125 0.3609375000000001 0.38281250000000006 0.50625 0.4453125 0.50625
1 0.7171875 0.0015625000000000857 0.6796875 0.0015625000000000834 0.6796875 0.06875000000000009 0.7171875 0.06875000000000009
1 1 0.6625000000000002 0.8703125 0.6625000000000002 0.8703125 0.8015625 1 0.8015625
1 0.678125 7.988906853812813e-17 0.6265625 7.673177600907635e-17 0.6265625 0.060937500000000075 0.678125 0.06093750000000009
1 0.56875 0.0015625000000000669 0.5265625 0.0015625000000000645 0.5265625 0.15312500000000007 0.56875 0.1531250000000001
1 0.1828125 0.0015625000000000192 0.13125 0.001562500000000016 0.13125 0.16875 0.1828125 0.16875000000000004
1 0.33281250000000007 0.796875 0.17968750000000008 0.796875 0.1796875000000001 0.928125 0.33281250000000007 0.928125
1 0.4046875000000002 0.746875 0.2984375000000001 0.746875 0.2984375000000001 0.9359375 0.4046875000000002 0.9359375
1 0.4828125 0.5125 0.3500000000000001 0.5125 0.3500000000000001 0.6328125 0.4828125 0.6328125
1 0.4671875000000002 0.728125 0.3890625000000001 0.728125 0.3890625000000001 0.921875 0.4671875000000002 0.921875
1 0.3859375000000001 0.7015625 0.3109375000000001 0.7015625 0.3109375000000001 0.8359375 0.3859375000000001 0.8359375
1 0.0312500000000001 0.6890625 8.438581850374731e-17 0.6890625 8.96479727188336e-17 0.775 0.0312500000000001 0.775
1 0.7921875 0.4859375000000001 0.6796875 0.4859375 0.6796875 0.5906250000000001 0.7921875 0.5906250000000002
1 0.5890625000000002 0.9828125 0.5078125000000002 0.9828125 0.5078125000000002 1 0.5890625000000002 1
1 0.025000000000000015 0.06875 8.419446744138053e-18 0.06875 1.6647542425909335e-17 0.203125 0.025000000000000022 0.203125
1 0.5421875 0.571875 0.471875 0.571875 0.471875 0.68125 0.5421875 0.68125
1 0.8265625 0.5296875000000002 0.7828125 0.5296875000000002 0.7828125 0.6375000000000002 0.8265625 0.6375000000000002
1 0.9796875 0.4578125000000002 0.946875 0.4578125000000002 0.946875 0.4859375000000002 0.9796875 0.4859375000000002
1 0.7765625 0.5875000000000001 0.7125 0.5875 0.7125 0.6640625000000001 0.7765625 0.6640625000000002
1 0.703125 0.578125 0.60625 0.578125 0.60625 0.721875 0.703125 0.721875
1 0.02031250000000008 0.6328125 7.749718025854345e-17 0.6328125 8.141987703706231e-17 0.696875 0.020312500000000084 0.696875