0 0.6953125 0.5703125 0.653125 0.5703125 0.653125 0.625 0.6953125 0.625
0 0.4703125 0.5375 0.43125 0.5375 0.43125 0.5921875 0.4703125 0.5921875
0 0.6890625 0.6359375 0.646875 0.6359375 0.646875 0.690625 0.6890625 0.690625
0 0.515625 0.3671875000000001 0.4765625 0.3671875000000001 0.4765625 0.4234375 0.515625 0.4234375
0 0.54375 0.41875 0.5140625 0.41875 0.5140625 0.459375 0.54375 0.459375
0 0.5671875 0.3671875000000001 0.5375 0.3671875000000001 0.5375 0.4078125 0.5671875 0.4078125
0 0.403125 0.609375 0.3687500000000001 0.609375 0.3687500000000001 0.6546875 0.403125 0.6546875
0 0.43125 0.63125 0.4078125 0.63125 0.4078125 0.6640625 0.43125 0.6640625
0 0.3281250000000001 0.646875 0.30156250000000007 0.646875 0.30156250000000007 0.6796875 0.3281250000000001 0.6796875
0 0.47656250000000017 0.79375 0.44843750000000016 0.79375 0.44843750000000016 0.83125 0.47656250000000017 0.83125
0 0.4906250000000002 0.8234375 0.4515625000000002 0.8234375 0.4515625000000002 0.875 0.4906250000000002 0.875
0 0.5984375 0.5140625 0.5734375 0.5140625 0.5734375 0.54375 0.5984375 0.54375
0 0.51875 0.3453125000000001 0.4953125 0.3453125000000001 0.4953125 0.3750000000000001 0.51875 0.3750000000000001