1 0.2453125 0.09218750000000002 0.1703125 0.09218750000000002 0.17031250000000003 0.325 0.2453125 0.325
1 0.9703125 0.4656250000000002 0.7921875 0.4656250000000002 0.7921875 0.5703125000000002 0.9703125 0.5703125000000002
1 0.33281250000000007 0.615625 0.17968750000000008 0.615625 0.17968750000000008 0.83125 0.33281250000000007 0.83125
1 0.12343750000000009 0.628125 0.05312500000000007 0.628125 0.053125000000000075 0.7953125 0.12343750000000009 0.7953125
1 0.5125 0.18593750000000003 0.403125 0.18593750000000003 0.403125 0.3890625000000001 0.5125 0.3890625000000001
1 0.60625 0.001562500000000068 0.50625 0.0015625000000000617 0.50625 0.18125000000000008 0.60625 0.18125000000000008
1 0.4953125 0.5140625 0.3656250000000001 0.5140625 0.3656250000000001 0.653125 0.4953125 0.653125
1 0.396875 0.0031250000000000453 0.340625 0.003125000000000042 0.340625 0.22343750000000004 0.396875 0.2234375000000001
1 0.9 0.5421875000000002 0.778125 0.5421875000000002 0.778125 0.6734375000000001 0.9 0.6734375000000001
1 0.5031250000000002 0.7484375 0.40156250000000016 0.7484375 0.40156250000000016 0.9375 0.5031250000000002 0.9375
1 0.10468750000000011 0.665625 0.00781250000000008 0.665625 0.007812500000000097 0.9390625 0.10468750000000013 0.9390625
1 0.946875 0.20312500000000008 0.803125 0.20312500000000008 0.803125 0.3265625000000001 0.946875 0.3265625000000001
1 0.415625 0.33437500000000003 0.2625 0.334375 0.26250000000000007 0.4125 0.415625 0.4125
1 0.940625 0.3781250000000001 0.790625 0.3781250000000001 0.790625 0.44843750000000016 0.940625 0.44843750000000016
1 0.6500000000000001 0.8 0.5578125000000002 0.8 0.5578125000000002 0.934375 0.6500000000000001 0.934375
1 0.9640625 0.3125000000000001 0.8234375 0.3125000000000001 0.8234375 0.3843750000000001 0.9640625 0.3843750000000001
1 0.3437500000000001 0.91875 0.2578125000000001 0.91875 0.2578125000000001 1 0.3437500000000001 1
1 0.38125 0.19218750000000004 0.2375 0.19218750000000004 0.2375 0.26093750000000004 0.38125 0.2609375000000001
1 0.6328125000000001 0.44375 0.5734375 0.44375 0.5734375 0.7328125 0.6328125000000002 0.7328125
1 0.18750000000000008 0.56875 0.15000000000000008 0.56875 0.15000000000000008 0.778125 0.18750000000000008 0.778125
1 0.6328125000000001 0.6890625 0.534375 0.6890625 0.534375 0.828125 0.6328125000000002 0.828125
1 0.5796875 0.2812500000000001 0.50625 0.2812500000000001 0.50625 0.4671875 0.5796875 0.4671875
1 0.83125 0.3062500000000001 0.6796875 0.3062500000000001 0.6796875 0.3890625000000001 0.83125 0.3890625000000001
1 0.953125 0.890625 0.8640625 0.890625 0.8640625 1 0.953125 1
1 0.2375000000000001 0.484375 0.14531250000000004 0.484375 0.14531250000000007 0.578125 0.2375000000000001 0.578125
1 0.10156250000000003 0.04687500000000001 0.020312500000000004 0.046875 0.020312500000000018 0.2078125 0.10156250000000004 0.2078125
1 0.34375 0.03750000000000004 0.240625 0.03750000000000003 0.240625 0.14218750000000005 0.34375 0.14218750000000005
1 0.8078125 0.4859375000000001 0.653125 0.4859375 0.653125 0.5609375000000001 0.8078125 0.5609375000000002
1 0.803125 0.5765625000000001 0.66875 0.5765625 0.66875 0.6546875000000001 0.803125 0.6546875000000002
1 0.8 0.86875 0.6484375000000002 0.86875 0.6484375000000002 0.953125 0.8 0.953125
1 0.17031250000000003 0.1703125 0.1265625 0.1703125 0.12656250000000002 0.3484375 0.17031250000000003 0.3484375
1 0.5421875 0.528125 0.4984375 0.528125 0.4984375 0.7046875 0.5421875 0.7046875
1 0.996875 0.3656250000000001 0.903125 0.3656250000000001 0.903125 0.46875000000000017 0.996875 0.46875000000000017
1 0.5734375 0.39531250000000007 0.5359375 0.39531250000000007 0.5359375 0.59375 0.5734375 0.59375
1 0.6421875000000001 0.946875 0.5828125000000002 0.946875 0.5828125000000002 1 0.6421875000000001 1
1 0.2640625 0.0015625000000000268 0.171875 0.001562500000000021 0.171875 0.12031250000000002 0.2640625 0.12031250000000004
1 0.03750000000000003 0.1390625 1.703024455064288e-17 0.1390625 2.9276712542116413e-17 0.3390625 0.03750000000000005 0.3390625
1 0.4312500000000002 0.85 0.3625000000000001 0.85 0.3625000000000001 0.959375 0.4312500000000002 0.959375
1 0.878125 0.7593750000000001 0.8359375 0.7593750000000001 0.8359375 0.93125 0.878125 0.93125
1 0.25468750000000007 0.9703125 0.12968750000000012 0.9703125 0.12968750000000012 0.9984375 0.25468750000000007 0.9984375
1 1 0.8546875 0.965625 0.8546875 0.965625 0.9953125 1 0.9953125
1 0.225 2.2388074296912548e-17 0.140625 1.7221595613009655e-17 0.140625 0.059375000000000025 0.225 0.059375000000000025
1 0.2984375000000001 0.3984375 0.19687500000000005 0.3984375 0.19687500000000005 0.503125 0.2984375000000001 0.503125
1 0.8234375 0.88125 0.7656250000000002 0.88125 0.7656250000000002 1 0.8234375 1
1 0.6484375 0.37968750000000007 0.5875 0.37968750000000007 0.5875 0.515625 0.6484375 0.515625
1 0.325 3.645237738087043e-17 0.2703125 3.3103733789451887e-17 0.2703125 0.05781250000000003 0.325 0.057812500000000044
1 0.4296875 0.2515625 0.309375 0.2515625 0.309375 0.33437500000000003 0.4296875 0.3343750000000001
1 0.4156250000000002 0.759375 0.2812500000000001 0.759375 0.2812500000000001 0.846875 0.4156250000000002 0.846875
1 0.13281250000000006 0.4546875 0.028125000000000056 0.4546875 0.028125000000000067 0.6015625 0.13281250000000008 0.6015625
1 0.9984375 0.5703125000000002 0.9234375 0.5703125000000002 0.9234375 0.6531250000000002 0.9984375 0.6531250000000002
1 0.6140625 0.4328125 0.571875 0.4328125 0.571875 0.5703125 0.6140625 0.5703125
1 0.275 0.0015625000000000298 0.2078125 0.0015625000000000257 0.2078125 0.06093750000000003 0.275 0.06093750000000005
1 0.5828125000000002 0.9140625 0.5078125000000002 0.9140625 0.5078125000000002 1 0.5828125000000002 1
1 0.73125 0.08750000000000008 0.6328125 0.08750000000000006 0.6328125 0.2406250000000001 0.73125 0.2406250000000001
1 0.023437500000000118 0.9 1.1021821192326179e-16 0.9 1.1576739273189822e-16 0.990625 0.02343750000000012 0.990625
1 0.5046875 0.007812500000000054 0.39375 0.007812500000000047 0.39375 0.19375000000000003 0.5046875 0.19375000000000003
1 0.3906250000000001 0.4796875 0.2875000000000001 0.4796875 0.2875000000000001 0.5953125 0.3906250000000001 0.5953125
1 0.23593750000000008 0.828125 0.16562500000000008 0.828125 0.16562500000000008 0.9046875 0.23593750000000008 0.9046875
1 0.16250000000000014 0.9828125 0.12500000000000014 0.9828125 0.12500000000000014 1 0.16250000000000014 1
1 0.06406250000000009 0.6625 0.0046875000000000805 0.6625 0.004687500000000089 0.8 0.06406250000000009 0.8
1 0.4984375 0.5171875 0.4359375 0.5171875 0.4359375 0.578125 0.4984375 0.578125
1 0.9984375 0.7125000000000001 0.984375 0.7125000000000001 0.984375 0.8625 0.9984375 0.8625