1 0.8078125 0.14062500000000006 0.25625 0.14062500000000006 0.25625000000000003 0.8828125 0.8078125 0.8828125
2 0.4390625 0.559375 0.4234375 0.559375 0.4234375 0.5796875 0.4390625 0.5796875
2 0.690625 0.3375000000000001 0.628125 0.3375000000000001 0.628125 0.421875 0.690625 0.421875
2 0.5546875 0.19531250000000006 0.3875 0.19531250000000006 0.38750000000000007 0.3843750000000001 0.5546875 0.3843750000000001
2 0.75625 0.19531250000000008 0.7015625 0.19531250000000008 0.7015625 0.2921875000000001 0.75625 0.2921875000000001
2 0.659375 0.1859375000000001 0.5625 0.1859375000000001 0.5625 0.2890625000000001 0.659375 0.2890625000000001
2 0.4453125 0.22656250000000008 0.390625 0.22656250000000008 0.390625 0.2953125000000001 0.4453125 0.2953125000000001
2 0.384375 0.3515625000000001 0.371875 0.3515625000000001 0.37187500000000007 0.3687500000000001 0.3843750000000001 0.3687500000000001
2 0.29375 0.2796875 0.278125 0.2796875 0.278125 0.3015625 0.29375 0.3015625
2 0.4203125 0.19843750000000004 0.396875 0.19843750000000004 0.396875 0.2250000000000001 0.4203125 0.2250000000000001
2 0.3046875000000001 0.51875 0.2796875000000001 0.51875 0.2796875000000001 0.55625 0.3046875000000001 0.55625
2 0.56875 0.2328125000000001 0.5546875 0.2328125000000001 0.5546875 0.2531250000000001 0.56875 0.2531250000000001
2 0.4328125 0.17187500000000006 0.41875 0.17187500000000006 0.41875 0.18906250000000005 0.4328125 0.18906250000000005
2 0.8171875 0.44062500000000016 0.7828125 0.44062500000000016 0.7828125 0.4781250000000002 0.8171875 0.4781250000000002
2 0.6 0.2140625000000001 0.5859375 0.2140625000000001 0.5859375 0.2296875000000001 0.6 0.2296875000000001
2 0.34843750000000007 0.446875 0.3375000000000001 0.446875 0.3375000000000001 0.4671875 0.34843750000000007 0.4671875
2 0.75 0.4359375000000002 0.7375 0.4359375000000002 0.7375 0.4546875000000002 0.75 0.4546875000000002
2 0.5125000000000001 0.7234375 0.4984375 0.7234375 0.4984375000000001 0.74375 0.5125000000000002 0.74375
2 0.4296875 0.696875 0.4171875 0.696875 0.4171875 0.7140625 0.4296875 0.7140625
2 0.60625 0.12500000000000008 0.5953125 0.12500000000000008 0.5953125 0.1375000000000001 0.60625 0.1375000000000001
2 0.3671875000000001 0.5921875 0.3515625000000001 0.5921875 0.3515625000000001 0.6171875 0.3671875000000001 0.6171875
2 0.3421875 0.221875 0.325 0.221875 0.325 0.2453125 0.3421875 0.2453125
2 0.2500000000000001 0.4375 0.2312500000000001 0.4375 0.2312500000000001 0.465625 0.2500000000000001 0.465625
2 0.3140625000000001 0.6296875 0.3031250000000001 0.6296875 0.3031250000000001 0.6453125 0.3140625000000001 0.6453125
2 0.35625000000000007 0.6390625 0.3468750000000001 0.6390625 0.3468750000000001 0.65625 0.35625000000000007 0.65625
2 0.6203125 0.10937500000000008 0.609375 0.10937500000000008 0.609375 0.1218750000000001 0.6203125 0.1218750000000001
2 0.49375 0.13593750000000004 0.48125 0.13593750000000004 0.48125 0.15000000000000005 0.49375 0.15000000000000005
2 0.51875 0.4984375 0.503125 0.4984375 0.503125 0.5203125 0.51875 0.5203125
2 0.2968750000000001 0.365625 0.2843750000000001 0.365625 0.2843750000000001 0.384375 0.2968750000000001 0.384375
2 0.2484375000000001 0.578125 0.2375000000000001 0.578125 0.2375000000000001 0.5953125 0.2484375000000001 0.5953125
2 0.5015625000000001 0.746875 0.4906250000000002 0.746875 0.4906250000000002 0.7625 0.5015625000000001 0.7625
2 0.55625 0.1437500000000001 0.5453125 0.1437500000000001 0.5453125 0.15781250000000008 0.55625 0.15781250000000008
2 0.46875000000000017 0.7296875 0.4546875000000002 0.7296875 0.4546875000000002 0.75 0.46875000000000017 0.75
2 0.6859375 0.1468750000000001 0.6765625 0.1468750000000001 0.6765625 0.15781250000000008 0.6859375 0.15781250000000008
2 0.5000000000000002 0.815625 0.47968750000000016 0.815625 0.47968750000000016 0.8375 0.5000000000000002 0.8375
2 0.725 0.2015625000000001 0.7125 0.2015625000000001 0.7125 0.22031250000000008 0.725 0.22031250000000008
2 0.2531250000000001 0.4890625 0.2453125000000001 0.4890625 0.2453125000000001 0.5046875 0.2531250000000001 0.5046875
2 0.2640625000000001 0.5390625 0.2562500000000001 0.5390625 0.2562500000000001 0.5578125 0.2640625000000001 0.5578125
2 0.3921875000000001 0.834375 0.3750000000000001 0.834375 0.3750000000000001 0.853125 0.3921875000000001 0.853125
2 0.43750000000000017 0.803125 0.4265625000000002 0.803125 0.4265625000000002 0.8203125 0.43750000000000017 0.8203125
2 0.41406250000000017 0.8359375 0.40156250000000016 0.8359375 0.40156250000000016 0.85625 0.41406250000000017 0.85625
2 0.3765625000000001 0.7703125 0.3656250000000001 0.7703125 0.3656250000000001 0.7875 0.3765625000000001 0.7875
2 0.46875 0.11250000000000004 0.459375 0.11250000000000004 0.459375 0.12500000000000006 0.46875 0.12500000000000006
2 0.4937500000000002 0.8484375 0.4437500000000002 0.8484375 0.4437500000000002 0.8875 0.4937500000000002 0.8875