1 0.7828125 0.20468750000000005 0.2234375 0.2046875 0.22343750000000004 0.6890625000000001 0.7828125 0.6890625000000001
1 0.5953125000000001 0.31875000000000003 0.15625000000000006 0.31875 0.15625000000000006 0.78125 0.5953125000000001 0.78125
1 0.940625 0.01250000000000009 0.4859375 0.012500000000000061 0.4859375 0.6312500000000001 0.940625 0.6312500000000002
1 1 1.0591281302000936e-16 0.7296875 8.936094612528342e-17 0.7296875 0.4781250000000002 1 0.4781250000000002
1 0.30937500000000007 0.778125 0.08593750000000008 0.778125 0.08593750000000011 1 0.30937500000000007 1
1 0.8984375 0.903125 0.7390625000000002 0.903125 0.7390625000000002 0.9984375 0.8984375 0.9984375
1 0.4828125 0.0015625000000000539 0.3984375 0.0015625000000000487 0.3984375 0.08750000000000005 0.4828125 0.08750000000000006
1 0.5296875 0.19375000000000003 0.225 0.19375000000000003 0.22500000000000003 0.4734375 0.5296875 0.4734375
1 0.7390625 0.05156250000000008 0.5265625 0.05156250000000007 0.5265625 0.3765625000000001 0.7390625 0.3765625000000001
1 0.9640625 0.0015625000000001042 0.7390625 0.0015625000000000903 0.7390625 0.14687500000000012 0.9640625 0.14687500000000014
1 0.015625000000000108 0.76875 9.414472268445279e-17 0.76875 1.0792199917486051e-16 0.99375 0.01562500000000012 0.99375