6 0.18593750000000003 0.023437500000000017 0.103125 0.02343750000000001 0.10312500000000002 0.1921875 0.18593750000000003 0.19218750000000004
6 0.17656250000000004 0.228125 0.08125000000000002 0.228125 0.08125000000000003 0.3234375 0.17656250000000004 0.3234375
7 0.3328125 0.012500000000000035 0.275 0.012500000000000034 0.275 0.07968750000000005 0.3328125 0.07968750000000005
7 0.384375 0.07343750000000004 0.3328125 0.07343750000000004 0.3328125 0.13750000000000004 0.384375 0.13750000000000004
7 0.45 0.07343750000000004 0.43125 0.07343750000000004 0.43125 0.09375000000000004 0.45 0.09375000000000004
7 0.334375 0.15000000000000005 0.3109375 0.15000000000000005 0.3109375 0.17812500000000003 0.334375 0.17812500000000003
7 0.425 0.14843750000000006 0.4125 0.14843750000000006 0.4125 0.17343750000000005 0.425 0.17343750000000005
7 0.459375 0.12187500000000004 0.44375 0.12187500000000004 0.44375 0.14062500000000006 0.459375 0.14062500000000006
7 0.2890625 0.12968750000000004 0.2765625 0.12968750000000004 0.2765625 0.15000000000000005 0.2890625 0.15000000000000005
7 0.4234375 0.007812500000000049 0.3625 0.007812500000000045 0.3625 0.05468750000000004 0.4234375 0.05468750000000004
7 0.39375 0.01562500000000005 0.3765625 0.015625000000000045 0.3765625 0.029687500000000044 0.39375 0.029687500000000044
7 0.275 0.07812500000000003 0.2609375 0.07812500000000003 0.2609375 0.09375000000000003 0.275 0.09375000000000004
7 0.3484375 0.2171875 0.2984375 0.2171875 0.2984375 0.2640625 0.3484375 0.2640625
7 0.390625 0.2234375000000001 0.365625 0.2234375000000001 0.365625 0.2453125000000001 0.390625 0.2453125000000001
7 0.34375 0.2671875 0.259375 0.2671875 0.259375 0.3328125 0.34375 0.3328125
7 0.4375 0.19531250000000006 0.353125 0.19531250000000006 0.353125 0.27187500000000003 0.4375 0.2718750000000001
4 0.4484375 0.35625000000000007 0.2046875 0.35625 0.20468750000000005 0.5453125 0.4484375 0.5453125
4 0.19375000000000006 0.35 0.007812500000000042 0.35 0.007812500000000054 0.5484375 0.1937500000000001 0.5484375
5 0.503125 0.6046875 0.3546875000000001 0.6046875 0.3546875000000001 0.6984375 0.503125 0.6984375
5 0.2906250000000001 0.575 0.015625000000000073 0.575 0.015625000000000076 0.6859375 0.2906250000000001 0.6859375
0 0.4515625000000002 0.8921875 0.35625000000000007 0.8921875 0.35625000000000007 0.9796875 0.4515625000000002 0.9796875
0 0.3968750000000001 0.75625 0.3156250000000001 0.75625 0.3156250000000001 0.8546875 0.3968750000000001 0.8546875
0 0.49218750000000017 0.7359375 0.4031250000000002 0.7359375 0.4031250000000002 0.8484375 0.49218750000000017 0.8484375
1 0.2968750000000001 0.7234375 0.1984375000000001 0.7234375 0.1984375000000001 0.840625 0.2968750000000001 0.840625
1 0.2078125000000001 0.7234375 0.12656250000000008 0.7234375 0.12656250000000008 0.81875 0.2078125000000001 0.81875
0 0.7000000000000002 0.7484375 0.5437500000000002 0.7484375 0.5437500000000002 0.9859375 0.7000000000000002 0.9859375
4 0.12500000000000008 0.721875 0.12500000000000008 0.721875 0.12500000000000008 0.7234375 0.12500000000000008 0.7234375
1 0.1531250000000001 0.7609375 0.010937500000000095 0.7609375 0.0109375000000001 0.8703125 0.1531250000000001 0.8703125
0 0.9515625 0.8421875 0.803125 0.8421875 0.803125 0.99375 0.9515625 0.99375
0 0.9640625 0.9125 0.928125 0.9125 0.928125 0.965625 0.9640625 0.965625
2 0.9953125 0.4625000000000002 0.8453125 0.4625000000000002 0.8453125 0.6218750000000002 0.9953125 0.6218750000000002
2 0.7296875 0.4453125000000001 0.540625 0.4453125 0.540625 0.7031250000000001 0.7296875 0.7031250000000002
2 0.89375 0.7000000000000002 0.796875 0.7000000000000002 0.7968750000000001 0.7843750000000002 0.89375 0.7843750000000002
4 0.575 0.08437500000000006 0.5125 0.08437500000000006 0.5125 0.11406250000000007 0.575 0.1140625000000001
4 0.5578125 0.018750000000000065 0.521875 0.018750000000000065 0.521875 0.05312500000000007 0.5578125 0.05312500000000007
4 0.63125 0.07031250000000007 0.60625 0.07031250000000007 0.60625 0.11250000000000009 0.63125 0.11250000000000009
4 0.6890625 0.1296875000000001 0.64375 0.1296875000000001 0.64375 0.15781250000000008 0.6890625 0.15781250000000008
4 0.5265625 0.12656250000000005 0.4875 0.12656250000000005 0.4875 0.15937500000000004 0.5265625 0.15937500000000004
4 0.65625 0.14843750000000008 0.615625 0.14843750000000008 0.615625 0.1781250000000001 0.65625 0.1781250000000001
3 0.990625 0.006250000000000104 0.7125 0.006250000000000086 0.7125 0.1968750000000001 0.990625 0.19687500000000013
3 0.9265625 0.2140625000000001 0.803125 0.2140625000000001 0.803125 0.3843750000000001 0.9265625 0.3843750000000001
3 0.9234375 0.3218750000000001 0.759375 0.3218750000000001 0.759375 0.45625000000000016 0.9234375 0.45625000000000016
3 0.996875 0.2468750000000001 0.9046875 0.2468750000000001 0.9046875 0.44531250000000017 0.996875 0.44531250000000017
4 0.6203125 0.2671875000000001 0.5984375 0.2671875000000001 0.5984375 0.2765625000000001 0.6203125 0.2765625000000001
4 0.6671875 0.2875000000000001 0.646875 0.2875000000000001 0.646875 0.2984375000000001 0.6671875 0.2984375000000001
4 0.575 0.3187500000000001 0.55625 0.3187500000000001 0.55625 0.3281250000000001 0.575 0.3281250000000001
4 0.5921875 0.2812500000000001 0.5765625 0.2812500000000001 0.5765625 0.2968750000000001 0.5921875 0.2968750000000001
4 0.59375 0.2234375000000001 0.5703125 0.2234375000000001 0.5703125 0.2390625000000001 0.59375 0.2390625000000001
4 0.534375 0.2734375000000001 0.5140625 0.2734375000000001 0.5140625 0.2828125000000001 0.534375 0.2828125000000001
4 0.53125 0.23437500000000008 0.5125 0.23437500000000008 0.5125 0.24375000000000008 0.53125 0.24375000000000008
4 0.5203125 0.29375000000000007 0.50625 0.29375000000000007 0.50625 0.3140625000000001 0.5203125 0.3140625000000001
4 0.5421875 0.3343750000000001 0.53125 0.3343750000000001 0.53125 0.3578125000000001 0.5421875 0.3578125000000001
4 0.6109375 0.34062500000000007 0.5921875 0.34062500000000007 0.5921875 0.3593750000000001 0.6109375 0.3593750000000001
4 0.6375 0.3078125000000001 0.60625 0.3078125000000001 0.60625 0.3296875000000001 0.6375 0.3296875000000001
4 0.6296875 0.2390625000000001 0.6125 0.2390625000000001 0.6125 0.25468750000000007 0.6296875 0.25468750000000007
4 0.6140625 0.2062500000000001 0.596875 0.2062500000000001 0.596875 0.23593750000000008 0.6140625 0.23593750000000008
4 0.5921875 0.3500000000000001 0.5765625 0.3500000000000001 0.5765625 0.3687500000000001 0.5921875 0.3687500000000001
4 0.5640625 0.2390625000000001 0.5484375 0.2390625000000001 0.5484375 0.2609375000000001 0.5640625 0.2609375000000001
4 0.55 0.2156250000000001 0.5375 0.2156250000000001 0.5375 0.23593750000000008 0.55 0.23593750000000008
7 0.421875 0.22031250000000008 0.4109375 0.22031250000000008 0.4109375 0.23437500000000008 0.421875 0.23437500000000008
7 0.4609375 0.2156250000000001 0.446875 0.2156250000000001 0.446875 0.2312500000000001 0.4609375 0.2312500000000001
7 0.36875 0.22968750000000004 0.3515625 0.2296875 0.3515625 0.24375000000000005 0.36875 0.24375000000000008
7 0.2734375 0.2 0.2609375 0.2 0.2609375 0.2125 0.2734375 0.2125
7 0.325 0.19375000000000003 0.3125 0.19375000000000003 0.3125 0.2015625 0.325 0.2015625
7 0.38125 0.27812500000000007 0.3703125 0.27812500000000007 0.3703125 0.2906250000000001 0.38125 0.2906250000000001
7 0.440625 0.3078125000000001 0.43125 0.3078125000000001 0.43125 0.3187500000000001 0.440625 0.3187500000000001
7 0.478125 0.2796875000000001 0.428125 0.2796875000000001 0.428125 0.3312500000000001 0.478125 0.3312500000000001
7 0.3421875 0.271875 0.29375 0.271875 0.29375 0.3046875 0.3421875 0.3046875
4 0.55 0.2984375000000001 0.540625 0.2984375000000001 0.540625 0.3203125000000001 0.55 0.3203125000000001
4 0.58125 0.2656250000000001 0.5703125 0.2656250000000001 0.5703125 0.2843750000000001 0.58125 0.2843750000000001
4 0.5390625 0.28593750000000007 0.5234375 0.28593750000000007 0.5234375 0.3031250000000001 0.5390625 0.3031250000000001
4 0.6375 0.33281250000000007 0.6203125 0.33281250000000007 0.6203125 0.3453125000000001 0.6375 0.3453125000000001