5 0.9234375 0.6640625000000002 0.85 0.6640625000000002 0.85 0.7828125000000001 0.9234375 0.7828125000000001
5 0.6062500000000001 0.4640625 0.3859375000000001 0.4640625 0.3859375000000001 0.81875 0.6062500000000002 0.81875
5 0.11718750000000008 0.6890625 0.02656250000000009 0.6890625 0.026562500000000093 0.821875 0.11718750000000008 0.821875
5 0.12500000000000003 0.1484375 0.1015625 0.1484375 0.10156250000000003 0.209375 0.12500000000000006 0.209375
5 0.6984375000000002 0.7953125 0.5953125000000001 0.7953125 0.5953125000000001 0.909375 0.6984375000000002 0.909375
5 0.4671875000000002 0.7359375 0.1671875000000001 0.7359375 0.1671875000000001 0.9921875 0.4671875000000002 0.9921875
5 0.08750000000000005 0.45 0.023437500000000056 0.45 0.023437500000000062 0.54375 0.08750000000000006 0.54375
5 0.5125 0.45625 0.4578125 0.45625 0.4578125 0.525 0.5125 0.525
5 0.15156250000000002 1.2150792460290147e-17 0.046875 5.7405318710032185e-18 0.046875000000000014 0.2328125 0.15156250000000004 0.2328125
5 0.88125 0.7218750000000002 0.85 0.7218750000000002 0.85 0.7468750000000002 0.88125 0.7468750000000002
5 0.2609375 2.8319957230282545e-17 0.2015625 2.4684287045313837e-17 0.2015625 0.08906250000000002 0.2609375 0.08906250000000002
5 0.93125 0.8359375 0.8671875 0.8359375 0.8671875 0.9703125 0.93125 0.9703125
5 0.925 0.4078125000000002 0.8921875 0.4078125000000002 0.8921875 0.4500000000000002 0.925 0.4500000000000002
5 0.91875 9.758904180705471e-17 0.675 8.266365894244634e-17 0.675 0.1812500000000001 0.91875 0.18125000000000013
5 0.7406250000000002 0.9671875 0.7156250000000002 0.9671875 0.7156250000000002 0.9921875 0.7406250000000002 0.9921875
5 0.2812500000000001 0.40625 0.23593750000000008 0.40625 0.23593750000000008 0.4359375 0.2812500000000001 0.4359375