4 0.35156250000000006 0.3390625 0.2984375 0.3390625 0.2984375 0.415625 0.3515625000000001 0.415625
4 0.03281250000000011 0.7828125 0.012500000000000094 0.7828125 0.012500000000000105 0.9578125 0.03281250000000012 0.9578125
2 0.571875 0.3921875000000001 0.50625 0.3921875000000001 0.50625 0.453125 0.571875 0.453125
4 0.6 0.2562500000000001 0.521875 0.2562500000000001 0.521875 0.3343750000000001 0.6 0.3343750000000001
4 0.6781250000000001 0.6859375 0.590625 0.6859375 0.5906250000000001 0.7734375 0.6781250000000002 0.7734375
2 0.7546875 0.6609375000000001 0.696875 0.6609375 0.696875 0.7187500000000001 0.7546875 0.7187500000000002
4 0.5156250000000001 0.6734375 0.44375 0.6734375 0.4437500000000001 0.7328125 0.5156250000000002 0.7328125
4 0.93125 0.48750000000000016 0.85625 0.48750000000000016 0.85625 0.5765625000000002 0.93125 0.5765625000000002
4 0.4000000000000001 0.68125 0.3203125000000001 0.68125 0.3203125000000001 0.7828125 0.4000000000000002 0.7828125
2 0.28125000000000006 0.3515625 0.2109375 0.3515625 0.21093750000000006 0.4078125 0.2812500000000001 0.4078125
2 0.6046875 0.34062500000000007 0.5515625 0.34062500000000007 0.5515625 0.3984375000000001 0.6046875 0.3984375000000001
4 0.8359375 0.3031250000000001 0.759375 0.3031250000000001 0.759375 0.3984375000000001 0.8359375 0.3984375000000001
4 0.2328125000000001 0.45625 0.06718750000000007 0.45625 0.06718750000000008 0.6875 0.2328125000000001 0.6875
4 0.8296875 0.46406250000000016 0.740625 0.46406250000000016 0.740625 0.5453125000000002 0.8296875 0.5453125000000002
4 0.6953125 0.08125000000000007 0.625 0.08125000000000007 0.625 0.14218750000000008 0.6953125 0.14218750000000008
2 0.95625 0.02187500000000006 0.0265625 0.021875000000000006 0.026562500000000062 0.971875 0.95625 0.971875
4 0.33281250000000007 0.40625 0.26250000000000007 0.40625 0.26250000000000007 0.459375 0.33281250000000007 0.459375
4 0.3625000000000001 0.559375 0.27031250000000007 0.559375 0.27031250000000007 0.6796875 0.3625000000000001 0.6796875
4 0.7359375 0.4140625000000001 0.6015625 0.4140625 0.6015625 0.5703125000000001 0.7359375 0.5703125000000002
4 0.5046875 0.4875 0.434375 0.4875 0.434375 0.55625 0.5046875 0.55625
4 0.4140625 0.259375 0.33125 0.259375 0.33125 0.32656250000000003 0.4140625 0.3265625000000001
4 0.76875 0.12031250000000009 0.5984375 0.12031250000000009 0.5984375 0.3234375000000001 0.76875 0.3234375000000001
4 0.22031250000000005 0.31875 0.042187500000000044 0.31875 0.04218750000000005 0.48125 0.22031250000000008 0.48125
4 0.3125 0.25 0.2484375 0.25 0.2484375 0.2828125 0.3125 0.2828125
4 0.8140625 0.815625 0.7500000000000002 0.815625 0.7500000000000002 0.8765625 0.8140625 0.8765625
4 0.7421875 0.2562500000000001 0.709375 0.2562500000000001 0.709375 0.2890625000000001 0.7421875 0.2890625000000001
4 0.9609375 0.3187500000000001 0.8578125 0.3187500000000001 0.8578125 0.46093750000000017 0.9609375 0.46093750000000017
4 0.18281250000000004 0.2421875 0.13906250000000003 0.2421875 0.13906250000000003 0.2828125 0.18281250000000004 0.2828125
4 0.5765625 0.2000000000000001 0.5421875 0.2000000000000001 0.5421875 0.23437500000000008 0.5765625 0.23437500000000008
4 0.6187500000000001 0.453125 0.3968750000000001 0.453125 0.3968750000000001 0.8265625 0.6187500000000001 0.8265625
4 0.8859375 0.7296875000000002 0.8234375 0.7296875000000002 0.8234375 0.7890625000000002 0.8859375 0.7890625000000002
2 0.09843750000000007 0.5703125 0.056250000000000064 0.5703125 0.056250000000000064 0.6109375 0.09843750000000007 0.6109375
4 0.6218750000000002 0.840625 0.49218750000000017 0.840625 0.49218750000000017 0.95625 0.6218750000000002 0.95625
4 0.4921875 0.10625000000000004 0.359375 0.10625000000000004 0.359375 0.24843750000000003 0.4921875 0.2484375000000001
4 0.925 0.3890625000000001 0.8890625 0.3890625000000001 0.8890625 0.42187500000000017 0.925 0.42187500000000017
4 0.4609375 0.409375 0.34062500000000007 0.409375 0.34062500000000007 0.503125 0.4609375 0.503125
4 0.34062500000000007 0.4546875 0.2906250000000001 0.4546875 0.2906250000000001 0.4921875 0.34062500000000007 0.4921875
4 0.209375 0.2015625 0.17031250000000003 0.2015625 0.17031250000000003 0.2390625 0.209375 0.2390625
4 0.70625 0.2453125000000001 0.6703125 0.2453125000000001 0.6703125 0.2796875000000001 0.70625 0.2796875000000001
4 0.2843750000000001 0.740625 0.2093750000000001 0.740625 0.2093750000000001 0.790625 0.2843750000000001 0.790625
4 0.653125 0.1781250000000001 0.60625 0.1781250000000001 0.60625 0.2156250000000001 0.653125 0.2156250000000001
4 0.2390625000000001 0.575 0.1687500000000001 0.575 0.1687500000000001 0.628125 0.2390625000000001 0.628125
4 0.3484375 0.12500000000000006 0.3078125 0.12500000000000006 0.3078125 0.16250000000000003 0.3484375 0.16250000000000003
4 0.34843750000000007 0.49375 0.2796875000000001 0.49375 0.2796875000000001 0.534375 0.34843750000000007 0.534375
4 0.08437500000000006 0.5078125 0.042187500000000065 0.5078125 0.042187500000000065 0.5453125 0.08437500000000006 0.5453125
4 0.378125 0.10156250000000004 0.340625 0.10156250000000004 0.340625 0.13750000000000004 0.378125 0.13750000000000004
4 0.4484375 0.07031250000000004 0.4015625 0.07031250000000004 0.4015625 0.12187500000000004 0.4484375 0.12187500000000004
4 0.396875 0.22656250000000006 0.3609375 0.2265625 0.3609375 0.26406250000000003 0.396875 0.2640625000000001
4 0.49375 0.34062500000000007 0.440625 0.34062500000000007 0.440625 0.38750000000000007 0.49375 0.38750000000000007
4 0.5875 0.5984375 0.5359375 0.5984375 0.5359375 0.6390625 0.5875 0.6390625
4 0.8890625 0.3812500000000001 0.8546875 0.3812500000000001 0.8546875 0.4156250000000002 0.8890625 0.4156250000000002
4 0.771875 0.14843750000000008 0.728125 0.14843750000000008 0.728125 0.1859375000000001 0.771875 0.1859375000000001
4 0.49531250000000016 0.7296875 0.46093750000000017 0.7296875 0.46093750000000017 0.7671875 0.49531250000000016 0.7671875
4 0.2718750000000001 0.8078125 0.2375000000000001 0.8078125 0.2375000000000001 0.84375 0.2718750000000001 0.84375
4 0.13437500000000005 0.246875 0.08750000000000002 0.246875 0.08750000000000004 0.2921875 0.13437500000000005 0.2921875
4 0.4390625 0.20312500000000008 0.403125 0.20312500000000008 0.403125 0.2375000000000001 0.4390625 0.2375000000000001
4 0.3765625000000001 0.55 0.34062500000000007 0.55 0.34062500000000007 0.584375 0.3765625000000001 0.584375
4 0.08593750000000004 0.3890625 0.042187500000000044 0.3890625 0.04218750000000005 0.4359375 0.08593750000000004 0.4359375
4 0.73125 0.5609375000000001 0.6921875 0.5609375 0.6921875 0.6015625000000001 0.73125 0.6015625000000002
4 0.17187500000000006 0.3515625 0.12812500000000004 0.3515625 0.12812500000000004 0.4015625 0.17187500000000006 0.4015625
4 0.609375 0.634375 0.571875 0.634375 0.571875 0.671875 0.609375 0.671875
4 0.3828125000000001 0.584375 0.3437500000000001 0.584375 0.3437500000000001 0.6203125 0.3828125000000001 0.6203125
4 0.4921875 0.5515625 0.4578125 0.5515625 0.4578125 0.5890625 0.4921875 0.5890625
4 0.6250000000000002 0.8484375 0.5890625000000002 0.8484375 0.5890625000000002 0.884375 0.6250000000000002 0.884375
4 0.240625 0.3 0.19687500000000005 0.3 0.19687500000000005 0.3390625 0.240625 0.3390625
4 0.5531250000000002 0.9109375 0.5171875000000001 0.9109375 0.5171875000000001 0.9453125 0.5531250000000002 0.9453125
4 0.6203125 0.06718750000000007 0.6078125 0.06718750000000007 0.6078125 0.07968750000000006 0.6203125 0.07968750000000006
4 0.496875 0.17968750000000006 0.4609375 0.17968750000000006 0.4609375 0.2140625000000001 0.496875 0.2140625000000001
4 0.9265625 0.6265625000000001 0.8875 0.6265625000000001 0.8875 0.6656250000000001 0.9265625 0.6656250000000001
4 0.5296875000000002 0.8765625 0.4937500000000002 0.8765625 0.4937500000000002 0.9125 0.5296875000000002 0.9125
4 0.6937500000000002 0.8734375 0.6625000000000002 0.8734375 0.6625000000000002 0.9109375 0.6937500000000002 0.9109375
4 0.5640625000000001 0.8578125 0.5296875000000002 0.8578125 0.5296875000000002 0.8921875 0.5640625000000001 0.8921875
4 0.725 0.1453125000000001 0.690625 0.1453125000000001 0.690625 0.1828125000000001 0.725 0.1828125000000001
4 0.9125 0.5921875000000002 0.8734375 0.5921875000000002 0.8734375 0.6296875000000002 0.9125 0.6296875000000002
4 0.578125 0.4546875 0.5421875 0.4546875 0.5421875 0.4875 0.578125 0.4875
4 0.9671875 0.4468750000000002 0.9328125 0.4468750000000002 0.9328125 0.4812500000000002 0.9671875 0.4812500000000002
4 0.2953125 0.15156250000000004 0.25625 0.15156250000000004 0.25625 0.18906250000000005 0.2953125 0.18906250000000005
4 0.44062500000000016 0.8640625 0.40156250000000016 0.8640625 0.40156250000000016 0.896875 0.44062500000000016 0.896875
4 0.878125 0.2500000000000001 0.840625 0.2500000000000001 0.840625 0.28593750000000007 0.878125 0.28593750000000007
4 0.7 0.2828125000000001 0.65 0.2828125000000001 0.65 0.3203125000000001 0.7 0.3203125000000001
4 0.25 0.11562500000000005 0.209375 0.11562500000000005 0.209375 0.15156250000000004 0.25 0.15156250000000004
4 0.2375000000000001 0.484375 0.2000000000000001 0.484375 0.2000000000000001 0.5171875 0.2375000000000001 0.5171875
4 0.3140625000000001 0.5375 0.2843750000000001 0.5375 0.2843750000000001 0.56875 0.3140625000000001 0.56875
4 0.36875 0.05312500000000005 0.321875 0.05312500000000005 0.321875 0.09062500000000004 0.36875 0.09062500000000004
4 0.496875 0.37968750000000007 0.4609375 0.37968750000000007 0.4609375 0.4125 0.496875 0.4125
4 0.3046875000000001 0.8328125 0.2687500000000001 0.8328125 0.2687500000000001 0.8703125 0.3046875000000001 0.8703125
4 0.10312500000000005 0.43125 0.06093750000000005 0.43125 0.060937500000000054 0.4625 0.10312500000000005 0.4625
4 0.7421875000000002 0.7265625000000001 0.7031250000000002 0.7265625 0.7031250000000002 0.7671875000000001 0.7421875000000002 0.7671875000000001
4 0.6031250000000001 0.815625 0.5671875000000002 0.815625 0.5671875000000002 0.85 0.6031250000000001 0.85
4 0.8640625 0.5343750000000002 0.83125 0.5343750000000002 0.83125 0.5671875000000002 0.8640625 0.5671875000000002
4 0.484375 0.06250000000000006 0.4484375 0.06250000000000004 0.4484375 0.09375000000000006 0.484375 0.09375000000000007
4 0.1703125000000001 0.7484375 0.1296875000000001 0.7484375 0.1296875000000001 0.7875 0.1703125000000001 0.7875
4 0.45312500000000017 0.90625 0.41718750000000016 0.90625 0.41718750000000016 0.94375 0.45312500000000017 0.94375
4 0.603125 0.5203125 0.56875 0.5203125 0.56875 0.5546875 0.603125 0.5546875
4 0.2296875000000001 0.6515625 0.1921875000000001 0.6515625 0.1921875000000001 0.6859375 0.2296875000000001 0.6859375
4 0.665625 0.2171875000000001 0.6359375 0.2171875000000001 0.6359375 0.2500000000000001 0.665625 0.2500000000000001
4 0.5000000000000002 0.76875 0.4593750000000002 0.76875 0.4593750000000002 0.8078125 0.5000000000000002 0.8078125
4 0.31718750000000007 0.659375 0.27812500000000007 0.659375 0.27812500000000007 0.6953125 0.31718750000000007 0.6953125
4 0.4125000000000002 0.8328125 0.3765625000000001 0.8328125 0.3765625000000001 0.8703125 0.4125000000000002 0.8703125
4 0.840625 0.16406250000000008 0.8109375 0.16406250000000008 0.8109375 0.19687500000000008 0.840625 0.19687500000000008
4 0.18281250000000004 0.2953125 0.14062500000000006 0.2953125 0.14062500000000006 0.34375 0.18281250000000004 0.34375
4 0.6359375 0.5515625 0.6015625 0.5515625 0.6015625 0.5828125 0.6359375 0.5828125
4 0.9078125 0.6875000000000002 0.8703125 0.6875000000000002 0.8703125 0.7250000000000002 0.9078125 0.7250000000000002
4 0.5859375000000002 0.7515625 0.5375000000000002 0.7515625 0.5375000000000002 0.8 0.5859375000000002 0.8
4 0.5546875 0.023437500000000062 0.51875 0.023437500000000062 0.51875 0.057812500000000065 0.5546875 0.057812500000000065
4 0.5921875 0.050000000000000065 0.5578125 0.050000000000000065 0.5578125 0.09531250000000006 0.5921875 0.09531250000000006
4 0.5484375000000001 0.7109375 0.5140625 0.7109375 0.5140625000000001 0.7453125 0.5484375000000001 0.7453125
4 0.68125 0.5296875 0.646875 0.5296875 0.646875 0.5625 0.68125 0.5625
4 0.853125 0.5625000000000002 0.8171875 0.5625000000000002 0.8171875 0.5984375000000002 0.853125 0.5984375000000002
4 0.37968750000000007 0.4625 0.34843750000000007 0.4625 0.34843750000000007 0.4921875 0.37968750000000007 0.4921875
4 0.5671875 0.53125 0.5328125 0.53125 0.5328125 0.565625 0.5671875 0.565625
4 0.8125 0.6140625000000002 0.7765625 0.6140625000000002 0.7765625 0.6531250000000002 0.8125 0.6531250000000002
4 0.515625 0.6171875 0.4796875 0.6171875 0.4796875 0.6515625 0.515625 0.6515625
4 0.3828125000000001 0.7875 0.34843750000000007 0.7875 0.34843750000000007 0.821875 0.3828125000000001 0.821875
4 0.85 0.7953125000000002 0.815625 0.7953125000000002 0.815625 0.83125 0.85 0.83125
4 0.5390625 0.6515625 0.5046875 0.6515625 0.5046875 0.6859375 0.5390625 0.6859375
4 0.8546875 0.4281250000000002 0.815625 0.4281250000000002 0.815625 0.4625000000000002 0.8546875 0.4625000000000002
4 0.7640625 0.3312500000000001 0.7203125 0.3312500000000001 0.7203125 0.3781250000000001 0.7640625 0.3781250000000001
4 0.5140625 0.5828125 0.4796875 0.5828125 0.4796875 0.6171875 0.5140625 0.6171875
4 0.18906250000000005 0.2421875 0.18125000000000005 0.2421875 0.18125000000000005 0.25 0.18906250000000005 0.25
4 0.7515625 0.4015625000000001 0.7203125 0.4015625 0.7203125 0.43437500000000007 0.7515625 0.4343750000000002
4 0.6484375000000002 0.8234375 0.6156250000000002 0.8234375 0.6156250000000002 0.85625 0.6484375000000002 0.85625
4 0.3437500000000001 0.771875 0.30156250000000007 0.771875 0.30156250000000007 0.815625 0.3437500000000001 0.815625
4 0.4125 0.515625 0.36406250000000007 0.515625 0.36406250000000007 0.559375 0.4125 0.559375
4 0.703125 0.63125 0.6671875 0.63125 0.6671875 0.6671875 0.703125 0.6671875
4 0.5578125 0.56875 0.5234375 0.56875 0.5234375 0.6015625 0.5578125 0.6015625
4 0.24375000000000008 0.8578125 0.2062500000000001 0.8578125 0.2062500000000001 0.890625 0.24375000000000008 0.890625
4 0.68125 0.4015625 0.65 0.4015625 0.65 0.4359375 0.68125 0.4359375
4 0.3906250000000001 0.39375000000000004 0.3515625000000001 0.39375 0.3515625000000001 0.4234375 0.3906250000000001 0.4234375
4 0.58125 0.10937500000000008 0.546875 0.10937500000000008 0.546875 0.14062500000000008 0.58125 0.14062500000000008
4 0.7312500000000002 0.7796875000000001 0.7000000000000002 0.7796875 0.7000000000000002 0.8140625 0.7312500000000002 0.8140625
4 0.5359375 0.4609375 0.5046875 0.4609375 0.5046875 0.49375 0.5359375 0.49375
4 0.575 0.484375 0.5328125 0.484375 0.5328125 0.5234375 0.575 0.5234375
4 0.65 0.2531250000000001 0.6203125 0.2531250000000001 0.6203125 0.2906250000000001 0.65 0.2906250000000001
4 0.2375 0.16406250000000006 0.19375 0.16406250000000006 0.19375000000000003 0.2078125 0.2375 0.2078125
4 0.471875 0.5859375 0.428125 0.5859375 0.428125 0.6296875 0.471875 0.6296875
4 0.7015625 0.4734375 0.671875 0.4734375 0.671875 0.50625 0.7015625 0.50625
4 0.15781250000000008 0.640625 0.11562500000000009 0.640625 0.11562500000000009 0.6796875 0.15781250000000008 0.6796875
4 0.584375 0.2953125000000001 0.5765625 0.2953125000000001 0.5765625 0.3031250000000001 0.584375 0.3031250000000001
4 0.1937500000000001 0.5953125 0.1765625000000001 0.5953125 0.1765625000000001 0.615625 0.1937500000000001 0.615625
4 0.83125 0.6609375000000002 0.8 0.6609375000000002 0.8 0.6953125000000002 0.83125 0.6953125000000002
4 0.925 0.3468750000000001 0.8953125 0.3468750000000001 0.8953125 0.38750000000000007 0.925 0.38750000000000007
4 0.9546875 0.3890625000000001 0.9359375 0.3890625000000001 0.9359375 0.40625000000000017 0.9546875 0.40625000000000017
4 0.7421875000000002 0.8359375 0.7078125000000002 0.8359375 0.7078125000000002 0.878125 0.7421875000000002 0.878125
4 0.4609375 0.2390625000000001 0.4109375 0.2390625000000001 0.4109375 0.2765625000000001 0.4609375 0.2765625000000001
4 0.503125 0.6453125 0.4609375 0.6453125 0.4609375 0.6828125 0.503125 0.6828125
4 0.7812500000000001 0.7125000000000001 0.7421875 0.7125000000000001 0.7421875000000001 0.7546875000000002 0.7812500000000002 0.7546875000000002
4 0.6125000000000002 0.78125 0.5734375000000002 0.78125 0.5734375000000002 0.8171875 0.6125000000000002 0.8171875
4 0.1437500000000001 0.6046875 0.09218750000000006 0.6046875 0.09218750000000007 0.640625 0.1437500000000001 0.640625
4 0.4984375 0.4203125 0.45625 0.4203125 0.45625 0.4578125 0.4984375 0.4578125
4 0.8640625 0.30937500000000007 0.821875 0.30937500000000007 0.821875 0.3437500000000001 0.8640625 0.3437500000000001
4 0.6578125 0.4359375 0.621875 0.4359375 0.621875 0.478125 0.6578125 0.478125
4 0.7203125 0.4125 0.68125 0.4125 0.68125 0.453125 0.7203125 0.453125
4 0.5265625 0.2984375000000001 0.4796875 0.2984375000000001 0.4796875 0.3343750000000001 0.5265625 0.3343750000000001
4 0.9421875 0.3046875000000001 0.9078125 0.3046875000000001 0.9078125 0.3421875000000001 0.9421875 0.3421875000000001
4 0.71875 0.34062500000000007 0.6765625 0.34062500000000007 0.6765625 0.37968750000000007 0.71875 0.37968750000000007
4 0.5578125 0.15468750000000006 0.5203125 0.15468750000000003 0.5203125 0.19218750000000007 0.5578125 0.1921875000000001
4 0.4265625 0.4078125 0.3906250000000001 0.4078125 0.3906250000000001 0.440625 0.4265625 0.440625
4 0.428125 0.16250000000000003 0.384375 0.16250000000000003 0.384375 0.20312500000000008 0.428125 0.20312500000000008
4 0.659375 0.3515625000000001 0.6203125 0.3515625000000001 0.6203125 0.3890625000000001 0.659375 0.3890625000000001
4 0.803125 0.5515625000000002 0.76875 0.5515625000000002 0.76875 0.5859375000000002 0.803125 0.5859375000000002
4 0.6484375000000002 0.7703125 0.6156250000000002 0.7703125 0.6156250000000002 0.8015625 0.6484375000000002 0.8015625
4 0.7359375 0.5765625000000001 0.7234375 0.5765625 0.7234375 0.5921875000000001 0.7359375 0.5921875000000002
4 0.5375000000000002 0.7921875 0.49218750000000017 0.7921875 0.49218750000000017 0.8359375 0.5375000000000002 0.8359375
4 0.821875 0.003125000000000094 0.70625 0.003125000000000086 0.70625 0.0843750000000001 0.821875 0.08437500000000012
4 0.9984375 0.815625 0.8984375 0.815625 0.8984375 0.934375 0.9984375 0.934375
4 0.934375 0.9203125 0.809375 0.9203125 0.809375 0.9984375 0.934375 0.9984375
4 0.15 9.950255243072244e-18 0.0125 1.5308084989341916e-18 0.012500000000000006 0.10625 0.15 0.10625
4 0.3546875 0.12187500000000002 0.1515625 0.121875 0.15156250000000002 0.2984375 0.3546875 0.2984375
4 0.2500000000000001 0.909375 0.14062500000000014 0.909375 0.14062500000000014 0.9984375 0.2500000000000001 0.9984375
4 0.07812500000000008 0.7359375 0.03125000000000009 0.7359375 0.0312500000000001 0.78125 0.07812500000000008 0.78125
4 0.996875 0.1406250000000001 0.8828125 0.14062500000000008 0.8828125 0.2593750000000001 0.996875 0.2593750000000001
4 0.9 0.5906250000000002 0.778125 0.5906250000000002 0.778125 0.7062500000000002 0.9 0.7062500000000002
3 0.5484375 0.3515625000000001 0.5140625 0.3515625000000001 0.5140625 0.3859375000000001 0.5484375 0.3859375000000001