5 0.07500000000000005 0.4484375 5.4917754899264124e-17 0.4484375 6.630314311008718e-17 0.634375 0.07500000000000007 0.634375
5 0.1812500000000001 0.7671875 0.014062500000000094 0.7671875 0.014062500000000108 0.9859375 0.18125000000000013 0.9859375
5 0.3734375000000001 0.696875 0.2500000000000001 0.696875 0.2500000000000001 0.9109375 0.3734375000000001 0.9109375
5 0.7562500000000001 0.503125 0.5390625 0.503125 0.5390625000000001 0.98125 0.7562500000000002 0.98125
5 0.384375 0.10781250000000005 0.359375 0.10781250000000005 0.359375 0.13906250000000003 0.384375 0.13906250000000003
5 0.9984375 0.825 0.86875 0.825 0.86875 0.99375 0.9984375 0.99375
5 0.7640625 0.042187500000000086 0.7421875 0.042187500000000086 0.7421875 0.0671875000000001 0.7640625 0.0671875000000001
5 0.6984375 0.3312500000000001 0.6046875 0.3312500000000001 0.6046875 0.4671875 0.6984375 0.4671875
5 0.3546875000000001 0.6203125 0.3421875000000001 0.6203125 0.3421875000000001 0.6359375 0.3546875000000001 0.6359375
0 0.6234375 0.4859375 0.5625 0.4859375 0.5625 0.6578125 0.6234375 0.6578125
0 0.9984375 0.6953125000000002 0.9390625 0.6953125000000002 0.9390625 0.7593750000000001 0.9984375 0.7593750000000001
0 0.7171875000000001 0.6296875 0.6609375 0.6296875 0.6609375000000001 0.7890625 0.7171875000000002 0.7890625
0 0.29375000000000007 0.8078125 0.2640625000000001 0.8078125 0.2640625000000001 0.85 0.29375000000000007 0.85
0 0.7453125 0.5890625 0.7 0.5890625 0.7 0.6718750000000001 0.7453125 0.6718750000000002
0 0.9875 0.5703125000000002 0.9484375 0.5703125000000002 0.9484375 0.6343750000000001 0.9875 0.6343750000000001
0 0.7140625 0.5609375 0.6796875 0.5609375 0.6796875 0.625 0.7140625 0.625
0 0.9921875 0.5593750000000002 0.7859375 0.5593750000000002 0.7859375000000001 0.8703125 0.9921875 0.8703125