5 0.17343750000000002 0.09062500000000001 0.0796875 0.090625 0.07968750000000001 0.240625 0.17343750000000005 0.240625
5 0.93125 0.01093750000000011 0.88125 0.010937500000000109 0.88125 0.1109375000000001 0.93125 0.11093750000000013
5 0.9546875 0.20468750000000008 0.9265625 0.20468750000000008 0.9265625 0.2640625000000001 0.9546875 0.2640625000000001
5 0.909375 0.8796875 0.803125 0.8796875 0.803125 0.9984375 0.909375 0.9984375
0 0.646875 0.11875000000000009 0.625 0.11875000000000009 0.625 0.1468750000000001 0.646875 0.1468750000000001
5 0.984375 0.6515625000000002 0.95625 0.6515625000000002 0.95625 0.6968750000000001 0.984375 0.6968750000000001
0 0.1796875 0.03125000000000002 0.1609375 0.03125000000000002 0.1609375 0.05625000000000002 0.1796875 0.05625000000000002
5 0.9140625 0.6062500000000002 0.8828125 0.6062500000000002 0.8828125 0.6515625000000002 0.9140625 0.6515625000000002
5 0.165625 0.09843750000000002 0.1453125 0.09843750000000002 0.1453125 0.1375 0.165625 0.1375
5 0.628125 0.55 0.6140625 0.55 0.6140625 0.575 0.628125 0.575
0 0.11093750000000005 0.3484375 0.057812500000000044 0.3484375 0.057812500000000044 0.43125 0.11093750000000005 0.43125
0 0.3656250000000001 0.809375 0.3234375000000001 0.809375 0.3234375000000001 0.865625 0.3656250000000001 0.865625
0 0.4203125 0.05468750000000004 0.3671875 0.05468750000000004 0.3671875 0.15781250000000005 0.4203125 0.15781250000000005
0 0.3265625000000001 0.8453125 0.2984375000000001 0.8453125 0.2984375000000001 0.8921875 0.3265625000000001 0.8921875
0 0.060937500000000054 0.4515625 0.03437500000000006 0.4515625 0.03437500000000006 0.4921875 0.06093750000000007 0.4921875
0 0.259375 0.3046875 0.2375 0.3046875 0.2375 0.3359375 0.259375 0.3359375
0 0.12031250000000004 0.4296875 0.10156250000000004 0.4296875 0.10156250000000004 0.4609375 0.12031250000000004 0.4609375