0 0.684375 0.3312500000000001 0.6265625 0.3312500000000001 0.6265625 0.4296875 0.684375 0.4296875
0 0.815625 0.5171875000000001 0.75625 0.5171875000000001 0.75625 0.6218750000000002 0.815625 0.6218750000000002
0 0.4390625 0.26250000000000007 0.3703125 0.26250000000000007 0.37031250000000004 0.3781250000000001 0.4390625 0.3781250000000001
0 0.8796875 0.8078125 0.809375 0.8078125 0.809375 0.9328125 0.8796875 0.9328125
0 0.9015625 0.6984375000000002 0.8453125 0.6984375000000002 0.8453125 0.7968750000000002 0.9015625 0.7968750000000002
0 0.24218750000000008 0.365625 0.18281250000000004 0.365625 0.18281250000000004 0.46875 0.24218750000000008 0.46875
0 0.31718750000000007 0.403125 0.2453125000000001 0.403125 0.2453125000000001 0.51875 0.31718750000000007 0.51875
0 0.2515625000000001 0.56875 0.09531250000000006 0.56875 0.09531250000000009 0.8421875 0.2515625000000001 0.8421875
0 0.9328125 0.93125 0.865625 0.93125 0.865625 0.9984375 0.9328125 0.9984375
0 0.17812500000000006 0.4734375 0.13125000000000003 0.4734375 0.13125000000000006 0.5625 0.1781250000000001 0.5625
0 0.10468750000000009 0.5578125 0.05468750000000007 0.5578125 0.054687500000000076 0.646875 0.10468750000000009 0.646875
0 0.828125 0.6703125000000002 0.7625 0.6703125000000002 0.7625000000000001 0.7828125000000001 0.828125 0.7828125000000001
0 0.0656250000000001 0.815625 0.0015625000000000998 0.815625 0.0015625000000001076 0.940625 0.06562500000000011 0.940625
0 0.09218750000000009 0.66875 0.04843750000000008 0.66875 0.048437500000000085 0.7625 0.09218750000000009 0.7625
0 0.475 0.4875 0.41875 0.4875 0.41875 0.5765625 0.475 0.5765625
0 0.9171875 0.6953125000000002 0.890625 0.6953125000000002 0.890625 0.7390625000000002 0.9171875 0.7390625000000002
0 0.27812500000000007 0.321875 0.23125 0.321875 0.23125000000000004 0.40625 0.27812500000000007 0.40625