5 0.5625 0.35625000000000007 0.509375 0.35625000000000007 0.509375 0.4484375 0.5625 0.4484375
5 0.4765625 0.5546875 0.43125 0.5546875 0.43125 0.6015625 0.4765625 0.6015625
5 0.6 0.546875 0.565625 0.546875 0.565625 0.6171875 0.6 0.6171875
0 0.4453125 0.421875 0.4234375 0.421875 0.4234375 0.453125 0.4453125 0.453125
0 0.68125 0.27812500000000007 0.6640625 0.27812500000000007 0.6640625 0.3000000000000001 0.68125 0.3000000000000001
0 0.540625 0.6625 0.5296875 0.6625 0.5296875 0.6796875 0.540625 0.6796875
0 0.63125 0.2687500000000001 0.61875 0.2687500000000001 0.61875 0.2843750000000001 0.63125 0.2843750000000001
0 0.4609375 0.6921875 0.4515625 0.6921875 0.4515625 0.70625 0.4609375 0.70625
0 0.5796875 0.6015625 0.5671875 0.6015625 0.5671875 0.61875 0.5796875 0.61875
0 0.415625 0.5765625 0.3921875000000001 0.5765625 0.3921875000000001 0.628125 0.415625 0.628125
0 0.5296875 0.5828125 0.51875 0.5828125 0.51875 0.6 0.5296875 0.6