5 0.8953125 0.7562500000000002 0.8671875 0.7562500000000002 0.8671875 0.8296875 0.8953125 0.8296875
5 0.2109375 0.00312500000000002 0.1171875 0.003125000000000014 0.1171875 0.12343750000000002 0.2109375 0.12343750000000005
5 0.675 0.6375 0.6546875 0.6375 0.6546875 0.665625 0.675 0.665625
5 0.746875 0.5093750000000001 0.71875 0.509375 0.71875 0.5609375000000001 0.746875 0.5609375000000002
5 0.715625 0.17343750000000008 0.6640625 0.17343750000000008 0.6640625 0.2328125000000001 0.715625 0.2328125000000001
5 0.9046875 0.1843750000000001 0.8453125 0.1843750000000001 0.8453125 0.3062500000000001 0.9046875 0.3062500000000001
5 0.7750000000000001 0.7343750000000001 0.6890625000000001 0.734375 0.6890625000000001 0.9078125 0.7750000000000001 0.9078125
5 0.25468750000000007 0.4265625 0.23437500000000008 0.4265625 0.23437500000000008 0.45625 0.25468750000000007 0.45625
5 0.8109375 0.5078125000000001 0.709375 0.5078125 0.709375 0.6640625000000001 0.8109375 0.6640625000000002
0 0.20781250000000004 0.303125 0.14062500000000006 0.303125 0.14062500000000006 0.4015625 0.2078125000000001 0.4015625
0 0.2078125000000001 0.690625 0.14062500000000008 0.690625 0.14062500000000008 0.7875 0.2078125000000001 0.7875
0 0.56875 0.025000000000000067 0.50625 0.025000000000000067 0.50625 0.12343750000000006 0.56875 0.12343750000000009
0 0.4765625 0.4890625 0.4109375 0.4890625 0.4109375 0.5875 0.4765625 0.5875
0 0.7796875 0.05625000000000009 0.7125 0.05625000000000009 0.7125 0.1531250000000001 0.7796875 0.1531250000000001
0 0.6328125 0.1218750000000001 0.56875 0.1218750000000001 0.56875 0.21875000000000008 0.6328125 0.21875000000000008
0 0.7046875 0.11718750000000008 0.6875 0.11718750000000008 0.6875 0.14218750000000008 0.7046875 0.14218750000000008
0 0.3843750000000001 0.5328125 0.31718750000000007 0.5328125 0.31718750000000007 0.634375 0.3843750000000001 0.634375
0 0.428125 0.18125000000000005 0.3625 0.18125000000000005 0.3625 0.27968750000000003 0.428125 0.2796875000000001