2 0.9953125 0.00781250000000006 0.0015625000000000007 0.0078125 0.0015625000000000615 0.996875 0.9953125 0.996875
4 0.9796875 0.4343750000000002 0.809375 0.4343750000000002 0.809375 0.6187500000000001 0.9796875 0.6187500000000001
4 0.3296875000000001 0.7359375 0.23593750000000008 0.7359375 0.23593750000000008 0.7890625 0.3296875000000001 0.7890625
4 0.59375 0.4953125 0.5578125 0.4953125 0.5578125 0.5359375 0.59375 0.5359375
4 0.65625 0.25468750000000007 0.5890625 0.25468750000000007 0.5890625 0.28593750000000007 0.65625 0.28593750000000007
4 0.4671875000000002 0.921875 0.43750000000000017 0.921875 0.43750000000000017 0.9546875 0.4671875000000002 0.9546875
4 0.27812500000000007 0.76875 0.02656250000000009 0.76875 0.026562500000000107 0.996875 0.27812500000000007 0.996875
4 0.8828125 0.2828125000000001 0.828125 0.2828125000000001 0.828125 0.3218750000000001 0.8828125 0.3218750000000001
4 0.996875 0.14687500000000012 0.834375 0.1468750000000001 0.834375 0.3375000000000001 0.996875 0.3375000000000001
4 0.265625 0.3140625 0.2390625 0.3140625 0.2390625 0.3375 0.265625 0.3375
4 0.7593750000000001 0.9359375 0.7343750000000002 0.9359375 0.7343750000000002 0.9640625 0.7593750000000001 0.9640625
4 0.3109375000000001 0.6546875 0.2843750000000001 0.6546875 0.2843750000000001 0.675 0.3109375000000001 0.675
4 0.96875 0.31718750000000007 0.9515625 0.31718750000000007 0.9515625 0.33281250000000007 0.96875 0.33281250000000007
4 0.7609375 0.3906250000000001 0.728125 0.3906250000000001 0.728125 0.42968750000000017 0.7609375 0.42968750000000017
4 0.565625 0.2671875000000001 0.425 0.2671875000000001 0.425 0.4109375 0.565625 0.4109375
4 0.7 0.4625 0.6640625 0.4625 0.6640625 0.4921875 0.7 0.4921875
4 0.9046875 0.7234375000000002 0.878125 0.7234375000000002 0.878125 0.7671875000000001 0.9046875 0.7671875000000001
4 0.3203125000000001 0.5890625 0.2890625000000001 0.5890625 0.2890625000000001 0.615625 0.3203125000000001 0.615625
4 0.690625 0.07187500000000008 0.4953125 0.07187500000000006 0.4953125 0.2812500000000001 0.690625 0.2812500000000001
4 0.7343750000000001 0.6625000000000001 0.5203125 0.6625 0.5203125000000001 0.9171875 0.7343750000000002 0.9171875
4 0.7875 0.3828125000000001 0.6578125 0.3828125000000001 0.6578125 0.5109375 0.7875 0.5109375000000002
4 0.1765625000000001 0.6015625 0.14062500000000008 0.6015625 0.14062500000000008 0.6421875 0.1765625000000001 0.6421875
4 0.665625 0.684375 0.6265625 0.684375 0.6265625 0.71875 0.665625 0.71875
4 0.859375 0.4859375000000002 0.8140625 0.4859375000000002 0.8140625 0.5296875000000002 0.859375 0.5296875000000002
4 0.50625 0.59375 0.434375 0.59375 0.434375 0.65 0.50625 0.65
4 0.02968750000000004 0.2578125 0.001562500000000032 0.2578125 0.00156250000000004 0.390625 0.029687500000000044 0.390625
4 0.11250000000000009 0.7875 0.0375000000000001 0.7875 0.0375000000000001 0.8484375 0.11250000000000009 0.8484375
4 0.6437500000000002 0.825 0.6218750000000002 0.825 0.6218750000000002 0.8453125 0.6437500000000002 0.8453125
4 0.7015625 0.06406250000000009 0.665625 0.06406250000000009 0.665625 0.09687500000000009 0.7015625 0.09687500000000009
4 0.60625 0.6734375 0.5390625 0.6734375 0.5390625 0.7203125 0.60625 0.7203125
4 0.5953125000000001 0.815625 0.5390625000000002 0.815625 0.5390625000000002 0.8515625 0.5953125000000001 0.8515625
4 0.050000000000000086 0.7046875 0.01562500000000009 0.7046875 0.01562500000000009 0.7296875 0.050000000000000086 0.7296875
4 0.5890625 0.4203125 0.534375 0.4203125 0.534375 0.471875 0.5890625 0.471875
4 0.928125 0.22656250000000008 0.890625 0.22656250000000008 0.890625 0.2578125000000001 0.928125 0.2578125000000001
4 0.2796875000000001 0.790625 0.2328125000000001 0.790625 0.2328125000000001 0.84375 0.2796875000000001 0.84375
4 0.04062500000000006 0.4328125 5.300424427559639e-17 0.4328125 5.606586127346476e-17 0.4828125 0.04062500000000006 0.4828125
4 0.8515625 0.4281250000000002 0.80625 0.4281250000000002 0.80625 0.4828125000000002 0.8515625 0.4828125000000002
4 0.5375 0.3546875000000001 0.503125 0.3546875000000001 0.503125 0.3984375000000001 0.5375 0.3984375000000001
2 0.2093750000000001 0.4609375 0.06718750000000007 0.4609375 0.06718750000000007 0.559375 0.2093750000000001 0.559375
4 0.9453125 0.16250000000000014 0.915625 0.16250000000000014 0.915625 0.18750000000000014 0.9453125 0.18750000000000014
4 0.3296875000000001 0.759375 0.3109375000000001 0.759375 0.3109375000000001 0.778125 0.3296875000000001 0.778125
4 0.996875 0.14062500000000014 0.971875 0.14062500000000014 0.971875 0.15781250000000013 0.996875 0.15781250000000013
4 0.340625 3.913129225400527e-17 0.2984375 3.654805291205382e-17 0.2984375 0.017187500000000043 0.340625 0.017187500000000043
4 0.6328125 0.12343750000000009 0.6046875 0.12343750000000009 0.6046875 0.1468750000000001 0.6328125 0.1468750000000001
4 0.17343750000000005 0.28125 0.11250000000000004 0.28125 0.11250000000000004 0.35 0.17343750000000005 0.35
4 0.17187500000000006 0.1828125 0.14062500000000006 0.1828125 0.14062500000000006 0.2109375 0.17187500000000006 0.2109375
4 0.7015625000000002 0.753125 0.6765625000000002 0.753125 0.6765625000000002 0.7765625 0.7015625000000002 0.7765625
4 0.06250000000000003 0.1828125 0.0015625000000000222 0.1828125 0.0015625000000000263 0.25 0.06250000000000003 0.25
4 0.5625 0.15937500000000007 0.51875 0.15937500000000004 0.51875 0.20468750000000008 0.5625 0.20468750000000008
4 0.6906250000000002 0.8796875 0.6656250000000001 0.8796875 0.6656250000000001 0.9015625 0.6906250000000002 0.9015625
4 0.4484375 0.3000000000000001 0.4203125 0.3000000000000001 0.4203125 0.3296875000000001 0.4484375 0.3296875000000001
4 0.959375 1.1509766401361452e-16 0.9203125 1.1270577573402985e-16 0.9203125 0.015625000000000114 0.959375 0.015625000000000118
4 0.21093750000000008 0.5265625 0.18281250000000004 0.5265625 0.18281250000000007 0.5484375 0.21093750000000008 0.5484375
4 0.10937500000000004 0.465625 0.07343750000000007 0.465625 0.07343750000000007 0.490625 0.10937500000000004 0.490625
4 0.12187500000000004 0.2484375 0.09687500000000002 0.2484375 0.09687500000000002 0.271875 0.12187500000000004 0.271875
4 0.6296875 0.703125 0.6 0.703125 0.6 0.7234375 0.6296875 0.7234375
4 0.9734375 0.14843750000000014 0.928125 0.14843750000000014 0.928125 0.17031250000000014 0.9734375 0.17031250000000014
4 0.9796875 0.5718750000000001 0.9296875 0.5718750000000001 0.9296875 0.6125000000000002 0.9796875 0.6125000000000002
4 0.06406250000000009 0.6359375 0.028125000000000077 0.6359375 0.028125000000000077 0.66875 0.06406250000000009 0.66875
4 0.2468750000000001 0.95 0.16406250000000014 0.95 0.16406250000000014 0.9984375 0.2468750000000001 0.9984375
4 0.012500000000000122 0.978125 0.00156250000000012 0.978125 0.001562500000000121 0.996875 0.012500000000000122 0.996875
4 0.16875000000000012 0.9078125 0.11406250000000014 0.9078125 0.11406250000000014 0.9625 0.16875000000000012 0.9625
4 0.9328125 0.5984375000000002 0.9109375 0.5984375000000002 0.9109375 0.6203125000000002 0.9328125 0.6203125000000002
4 0.1484375000000001 0.8609375 0.09375000000000011 0.8609375 0.09375000000000011 0.915625 0.14843750000000014 0.915625
4 0.578125 0.08906250000000007 0.546875 0.08906250000000007 0.546875 0.11718750000000008 0.578125 0.11718750000000008
4 0.16406250000000003 0.171875 0.059375000000000025 0.171875 0.059375000000000025 0.26875 0.16406250000000006 0.26875
4 0.9671875 0.4890625000000002 0.934375 0.4890625000000002 0.934375 0.5187500000000002 0.9671875 0.5187500000000002
4 0.5015625 0.5921875 0.48125 0.5921875 0.48125 0.6109375 0.5015625 0.6109375
4 0.15468750000000014 0.96875 0.12968750000000012 0.96875 0.12968750000000012 0.99375 0.15468750000000014 0.99375
2 0.328125 2.018753707969465e-17 0.0015625 1.9135106236677395e-19 0.0015625000000000118 0.19062500000000002 0.328125 0.19062500000000004
4 0.903125 0.004687500000000096 0.6578125 0.0046875000000000805 0.6578125 0.13281250000000008 0.903125 0.13281250000000008
4 0.4890625 0.3046875000000001 0.465625 0.3046875000000001 0.465625 0.3296875000000001 0.4890625 0.3296875000000001
4 0.7125000000000001 0.8359375 0.6640625000000002 0.8359375 0.6640625000000002 0.8875 0.7125000000000001 0.8875