2 0.9921875 0.006250000000000061 0.0046875000000000016 0.00625 0.0046875000000000605 0.975 0.9921875 0.975
4 0.3375000000000001 0.90625 0.3078125000000001 0.90625 0.3078125000000001 0.95625 0.3375000000000001 0.95625
4 0.6875000000000002 0.89375 0.3000000000000001 0.89375 0.3000000000000001 0.96875 0.6875000000000002 0.96875
4 0.996875 0.3125000000000001 0.909375 0.3125000000000001 0.909375 0.7375000000000002 0.996875 0.7375000000000002
4 0.9203125 0.88125 0.7250000000000002 0.88125 0.7250000000000002 0.99375 0.9203125 0.99375
4 0.37187500000000007 0.9125 0.3468750000000001 0.9125 0.3468750000000001 0.9625 0.37187500000000007 0.9625
4 0.4625000000000002 0.90625 0.43750000000000017 0.90625 0.43750000000000017 0.9625 0.4625000000000002 0.9625
4 0.9078125 1.0533875983290905e-16 0.8125 9.950255243072244e-17 0.8125 0.0812500000000001 0.9078125 0.08125000000000011
4 0.3046875000000001 0.90625 0.2328125000000001 0.90625 0.2328125000000001 0.99375 0.3046875000000001 0.99375
4 0.959375 0.05625000000000009 0.571875 0.056250000000000064 0.571875 0.2812500000000001 0.959375 0.2812500000000001
4 0.5000000000000002 0.73125 0.39531250000000007 0.73125 0.39531250000000007 0.90625 0.5000000000000002 0.90625
4 0.6828125000000002 0.9 0.6546875000000002 0.9 0.6546875000000002 0.9625 0.6828125000000002 0.9625
4 0.3953125 0.018750000000000027 0.0671875 0.018750000000000006 0.06718750000000001 0.23125000000000004 0.3953125 0.2312500000000001
4 0.10468750000000007 0.40625 0.00468750000000005 0.40625 0.004687500000000065 0.65625 0.10468750000000009 0.65625
4 0.3500000000000001 0.9 0.33281250000000007 0.9 0.33281250000000007 0.95625 0.3500000000000001 0.95625
4 0.42500000000000016 0.775 0.4078125000000002 0.775 0.4078125000000002 0.8 0.42500000000000016 0.8
4 0.3921875 0.012500000000000044 0.2953125 0.012500000000000039 0.2953125 0.08750000000000005 0.3921875 0.08750000000000005
4 0.6421875 0.006250000000000073 0.5578125 0.00625000000000007 0.5578125 0.07500000000000008 0.6421875 0.0750000000000001
4 0.42500000000000016 0.9125 0.4000000000000002 0.9125 0.4000000000000002 0.9625 0.42500000000000016 0.9625
4 0.5093750000000001 0.90625 0.48437500000000017 0.90625 0.48437500000000017 0.9625 0.5093750000000001 0.9625
4 0.18437500000000007 0.54375 0.09687500000000007 0.54375 0.09687500000000007 0.7125 0.1843750000000001 0.7125
4 0.08281250000000007 0.50625 0.06250000000000007 0.50625 0.06250000000000007 0.55 0.08281250000000007 0.55
4 0.6296875 0.2750000000000001 0.4078125 0.2750000000000001 0.4078125 0.65625 0.6296875 0.65625
4 0.6843750000000001 0.70625 0.646875 0.70625 0.6468750000000001 0.7625 0.6843750000000002 0.7625
4 0.16250000000000003 0.31875 0.11718750000000004 0.31875 0.11718750000000004 0.39375 0.16250000000000003 0.39375
4 0.4171875 0.41875 0.3078125000000001 0.41875 0.3078125000000001 0.48125 0.4171875 0.48125
4 0.06250000000000011 0.95 0.03281250000000011 0.95 0.03281250000000012 0.9875 0.06250000000000011 0.9875
4 0.4953125000000001 0.61875 0.4125 0.61875 0.4125000000000001 0.7625 0.49531250000000016 0.7625
4 0.4625 0.65625 0.4375 0.65625 0.4375 0.68125 0.4625 0.68125
4 0.4921875000000001 0.70625 0.4625 0.70625 0.4625000000000001 0.73125 0.49218750000000017 0.73125
4 0.6828125 0.3125000000000001 0.6625 0.3125000000000001 0.6625 0.35625000000000007 0.6828125 0.35625000000000007
4 0.7546875 0.5437500000000001 0.6953125 0.54375 0.6953125 0.6500000000000001 0.7546875 0.6500000000000001
4 0.6078125 0.3187500000000001 0.575 0.3187500000000001 0.575 0.41875 0.6078125 0.41875
4 0.16250000000000003 0.46875 0.13750000000000004 0.46875 0.13750000000000004 0.5 0.16250000000000003 0.5
4 0.271875 0.24375 0.246875 0.24375 0.246875 0.2875 0.271875 0.2875
4 0.5375000000000002 0.90625 0.5125000000000002 0.90625 0.5125000000000002 0.9625 0.5375000000000002 0.9625
4 0.05000000000000008 0.6125 0.025000000000000078 0.6125 0.025000000000000078 0.65625 0.050000000000000086 0.65625
4 0.4703125 0.51875 0.4421875 0.51875 0.4421875 0.55625 0.4703125 0.55625
4 0.6000000000000002 0.9125 0.5703125000000002 0.9125 0.5703125000000002 0.9625 0.6000000000000002 0.9625
4 0.159375 0.13125 0.134375 0.13125 0.134375 0.16875 0.159375 0.16875
4 0.43750000000000017 0.8375 0.4078125000000002 0.8375 0.4078125000000002 0.875 0.43750000000000017 0.875
4 0.6921875 0.44375 0.6546875 0.44375 0.6546875 0.4875 0.6921875 0.4875
4 0.08750000000000001 0.0875 0.012500000000000011 0.0875 0.01250000000000002 0.2125 0.08750000000000002 0.2125
4 0.26250000000000007 0.68125 0.06250000000000008 0.68125 0.0625000000000001 0.9125 0.26250000000000007 0.9125
4 0.684375 0.55625 0.659375 0.55625 0.659375 0.58125 0.684375 0.58125
4 0.8625 0.2812500000000001 0.7171875 0.2812500000000001 0.7171875 0.5125000000000001 0.8625 0.5125000000000002
4 0.8296875 0.006250000000000101 0.8046875 0.0062500000000001 0.8046875 0.0312500000000001 0.8296875 0.0312500000000001
4 0.054687500000000056 0.41875 0.029687500000000054 0.41875 0.029687500000000054 0.45625 0.05468750000000007 0.45625
4 0.4421875 0.21875000000000008 0.4125 0.21875000000000008 0.4125 0.2562500000000001 0.4421875 0.2562500000000001
4 0.9796875 0.09375000000000011 0.9125 0.09375000000000011 0.9125 0.13750000000000012 0.9796875 0.13750000000000012
4 0.08281250000000002 0.18125 0.05468750000000002 0.18125 0.05468750000000002 0.2125 0.08281250000000002 0.2125
4 0.6546875000000002 0.9125 0.6296875000000002 0.9125 0.6296875000000002 0.9625 0.6546875000000002 0.9625
4 0.996875 0.95625 0.971875 0.95625 0.971875 0.99375 0.996875 0.99375
4 0.5546875000000002 0.9 0.5328125000000001 0.9 0.5328125000000001 0.95625 0.5546875000000002 0.95625
4 0.4 0.61875 0.3375000000000001 0.61875 0.3375000000000001 0.70625 0.4 0.70625
4 0.43750000000000017 0.9 0.42500000000000016 0.9 0.42500000000000016 0.95625 0.43750000000000017 0.95625
4 0.5125 0.11875000000000005 0.4671875 0.11875000000000005 0.4671875 0.18750000000000006 0.5125 0.18750000000000006
4 0.9625 0.4312500000000002 0.9296875 0.4312500000000002 0.9296875 0.4750000000000002 0.9625 0.4750000000000002
4 0.6171875000000002 0.9 0.6000000000000002 0.9 0.6000000000000002 0.95625 0.6171875000000002 0.95625
4 0.31718750000000007 0.6625 0.2500000000000001 0.6625 0.2500000000000001 0.81875 0.31718750000000007 0.81875
4 0.4875 0.2250000000000001 0.3875 0.2250000000000001 0.3875 0.3437500000000001 0.4875 0.3437500000000001
4 0.5296875 0.40625 0.4875 0.40625 0.4875 0.46875 0.5296875 0.46875
4 0.2828125 0.09375000000000003 0.2171875 0.09375000000000003 0.2171875 0.18750000000000006 0.2828125 0.18750000000000006
4 0.975 0.6937500000000002 0.9328125 0.6937500000000002 0.9328125 0.7437500000000001 0.975 0.7437500000000001
4 0.7796875 0.21875000000000008 0.7078125 0.21875000000000008 0.7078125 0.3000000000000001 0.7796875 0.3000000000000001
4 0.9953125 1.198814405727839e-16 0.9625 1.1787225441793274e-16 0.9625 0.04375000000000012 0.9953125 0.04375000000000012
4 0.3375000000000001 0.38125 0.17968750000000006 0.38125 0.17968750000000006 0.64375 0.3375000000000001 0.64375
4 0.5375 0.21875000000000008 0.5125 0.21875000000000008 0.5125 0.2687500000000001 0.5375 0.2687500000000001
4 0.6046875 0.1687500000000001 0.5671875 0.1687500000000001 0.5671875 0.21875000000000008 0.6046875 0.21875000000000008
4 0.007812500000000076 0.60625 7.424421219830829e-17 0.60625 7.577502069724248e-17 0.63125 0.007812500000000078 0.63125
4 0.5296875000000002 0.8125 0.49218750000000017 0.8125 0.49218750000000017 0.8625 0.5296875000000002 0.8625
4 0.2328125 0.08125000000000002 0.1921875 0.08125000000000002 0.1921875 0.13750000000000004 0.2328125 0.13750000000000004
4 0.24218750000000008 0.63125 0.1921875000000001 0.63125 0.1921875000000001 0.70625 0.24218750000000008 0.70625
4 0.2000000000000001 0.8375 0.1453125000000001 0.8375 0.14531250000000012 0.9125 0.2000000000000001 0.9125
4 0.05000000000000001 0.0875 0.02031250000000001 0.0875 0.020312500000000015 0.11875 0.050000000000000024 0.11875
4 0.8875 0.1750000000000001 0.8453125 0.1750000000000001 0.8453125 0.2375000000000001 0.8875 0.2375000000000001
4 0.11250000000000009 0.73125 0.057812500000000086 0.73125 0.057812500000000086 0.80625 0.11250000000000009 0.80625
4 0.6375 0.6625 0.6046875 0.6625 0.6046875 0.70625 0.6375 0.70625
4 0.47968750000000016 0.9375 0.4671875000000002 0.9375 0.4671875000000002 0.95625 0.47968750000000016 0.95625
4 0.875 0.8875 0.8375 0.8875 0.8375 0.93125 0.875 0.93125
4 0.5453125 0.24375000000000008 0.4921875 0.24375000000000008 0.4921875 0.35625000000000007 0.5453125 0.35625000000000007
4 0.24218750000000006 0.3625 0.18281250000000004 0.3625 0.18281250000000004 0.45625 0.24218750000000008 0.45625
4 0.8625 0.4187500000000002 0.8296875 0.4187500000000002 0.8296875 0.4750000000000002 0.8625 0.4750000000000002
4 0.5953125 0.5625 0.5421875 0.5625 0.5421875 0.64375 0.5953125 0.64375
4 0.1546875000000001 0.73125 0.10468750000000009 0.73125 0.10468750000000009 0.8 0.1546875000000001 0.8
4 0.9078125 0.0875000000000001 0.825 0.0875000000000001 0.825 0.1812500000000001 0.9078125 0.18125000000000013
4 0.6671875 0.1312500000000001 0.5921875 0.1312500000000001 0.5921875 0.2062500000000001 0.6671875 0.2062500000000001
4 0.2296875000000001 0.74375 0.1828125000000001 0.74375 0.1828125000000001 0.81875 0.2296875000000001 0.81875
4 0.30937500000000007 0.55 0.2593750000000001 0.55 0.2593750000000001 0.61875 0.30937500000000007 0.61875