1 0.11250000000000013 0.965625 0.04218750000000012 0.965625 0.04218750000000012 0.9984375 0.11250000000000013 0.9984375
1 0.2500000000000001 0.803125 0.09218750000000009 0.803125 0.0921875000000001 0.8765625 0.2500000000000001 0.8765625
1 0.671875 0.12031250000000007 0.5078125 0.12031250000000004 0.5078125 0.2000000000000001 0.671875 0.2000000000000001
1 0.765625 0.05156250000000008 0.5921875 0.05156250000000007 0.5921875 0.1375000000000001 0.765625 0.1375000000000001
1 0.5734375 6.151936655091782e-17 0.43125 5.281289321322961e-17 0.43125 0.13906250000000006 0.5734375 0.1390625000000001
1 0.865625 0.7187500000000001 0.7 0.71875 0.7000000000000001 0.9046875 0.865625 0.9046875
1 0.909375 0.3703125000000001 0.759375 0.3703125000000001 0.759375 0.5000000000000002 0.909375 0.5000000000000002
1 0.95625 0.1281250000000001 0.81875 0.1281250000000001 0.81875 0.27031250000000007 0.95625 0.27031250000000007
1 0.9390625 1.1241874914047968e-16 0.896875 1.0983550979852825e-16 0.896875 0.09687500000000011 0.9390625 0.09687500000000011
1 0.3140625 0.3078125 0.2546875 0.3078125 0.25468750000000007 0.54375 0.3140625000000001 0.54375
1 0.6171875 0.403125 0.5453125 0.403125 0.5453125 0.625 0.6171875 0.625
1 0.5453125000000001 0.56875 0.465625 0.56875 0.46562500000000007 0.765625 0.5453125000000002 0.765625