5 0.2921875 0.15000000000000005 0.2609375 0.15000000000000005 0.2609375 0.19218750000000004 0.2921875 0.19218750000000004
5 0.4156250000000002 0.8109375 0.3890625000000001 0.8109375 0.3890625000000001 0.840625 0.4156250000000002 0.840625
5 0.18750000000000006 0.2328125 0.15781250000000005 0.2328125 0.15781250000000005 0.2734375 0.18750000000000006 0.2734375
5 0.690625 0.2015625000000001 0.65625 0.2015625000000001 0.65625 0.3000000000000001 0.690625 0.3000000000000001
5 0.4609375 5.463072830571396e-17 0.43125 5.281289321322961e-17 0.43125 0.07500000000000005 0.4609375 0.07500000000000007
5 0.4125 0.625 0.3968750000000001 0.625 0.3968750000000001 0.6484375 0.4125 0.6484375
5 0.7968750000000002 0.865625 0.7812500000000002 0.865625 0.7812500000000002 0.8921875 0.7968750000000002 0.8921875
5 0.6640625000000002 0.884375 0.6515625000000002 0.884375 0.6515625000000002 0.90625 0.6640625000000002 0.90625
5 0.15625000000000008 0.75625 0.14062500000000008 0.75625 0.14062500000000008 0.7875 0.15625000000000008 0.7875
5 0.7562500000000002 0.7984375000000001 0.7437500000000001 0.7984375000000001 0.7437500000000001 0.8203125 0.7562500000000002 0.8203125
5 0.59375 0.2562500000000001 0.559375 0.2562500000000001 0.559375 0.3187500000000001 0.59375 0.3187500000000001
5 0.13437500000000008 0.84375 0.1140625000000001 0.84375 0.1140625000000001 0.8734375 0.13437500000000008 0.8734375
5 0.809375 0.32500000000000007 0.7828125 0.32500000000000007 0.7828125 0.3890625000000001 0.809375 0.3890625000000001
5 0.1984375 0.12656250000000005 0.1859375 0.12656250000000005 0.1859375 0.14843750000000006 0.1984375 0.14843750000000006
5 0.19375000000000012 0.8796875 0.1781250000000001 0.8796875 0.17812500000000012 0.9140625 0.19375000000000014 0.9140625
5 0.3078125 0.17812500000000003 0.2859375 0.17812500000000003 0.2859375 0.20625 0.3078125 0.20625
5 0.7984375 0.1671875000000001 0.778125 0.1671875000000001 0.778125 0.20468750000000008 0.7984375 0.20468750000000008
5 0.80625 0.95 0.7828125000000001 0.95 0.7828125000000001 0.9875 0.80625 0.9875
5 0.7437500000000001 0.91875 0.7296875000000002 0.91875 0.7296875000000002 0.9453125 0.7437500000000001 0.9453125
5 0.75 0.2406250000000001 0.7359375 0.2406250000000001 0.7359375 0.26250000000000007 0.75 0.26250000000000007
0 0.6875 0.50625 0.5984375 0.50625 0.5984375 0.653125 0.6875 0.653125
0 0.5625 0.5203125 0.5390625 0.5203125 0.5390625 0.5671875 0.5625 0.5671875
0 0.5 0.3156250000000001 0.4734375 0.3156250000000001 0.4734375 0.3593750000000001 0.5 0.3593750000000001
0 0.2765625 3.128589869696754e-17 0.234375 2.870265935501609e-17 0.234375 0.05937500000000003 0.2765625 0.059375000000000046