5 0.1453125 0.16875 0.1 0.16875 0.10000000000000002 0.290625 0.14531250000000004 0.290625
5 0.07343750000000009 0.671875 0.03437500000000008 0.671875 0.034375000000000086 0.721875 0.07343750000000009 0.721875
5 0.06718750000000001 0.08125 0.053125 0.08125 0.05312500000000001 0.109375 0.06718750000000002 0.109375
5 0.13437500000000005 0.3484375 0.07343750000000004 0.3484375 0.07343750000000004 0.4 0.13437500000000005 0.4
5 0.06562500000000002 0.028125000000000004 0.0015625000000000036 0.028125 0.0015625000000000088 0.1125 0.06562500000000002 0.1125
5 0.215625 0.004687500000000024 0.1859375 0.004687500000000022 0.1859375 0.04531250000000002 0.215625 0.04531250000000002
5 0.725 0.2000000000000001 0.6296875 0.2000000000000001 0.6296875 0.3203125000000001 0.725 0.3203125000000001
5 0.029687500000000012 0.11875 0.012500000000000016 0.11875 0.012500000000000016 0.1328125 0.029687500000000012 0.1328125
5 0.3046875 0.10000000000000005 0.28125 0.10000000000000005 0.28125 0.14062500000000006 0.3046875 0.14062500000000006
5 0.5390625 0.015625000000000062 0.4640625 0.015625000000000056 0.4640625 0.08281250000000007 0.5390625 0.08281250000000007
5 0.3140625 0.296875 0.19531250000000006 0.296875 0.19531250000000006 0.3859375 0.3140625000000001 0.3859375
5 0.409375 4.6689659217492833e-17 0.353125 4.324534009489091e-17 0.353125 0.03437500000000005 0.409375 0.03437500000000006
5 0.09062500000000011 0.8796875 0.034375000000000114 0.8796875 0.034375000000000114 0.9421875 0.09062500000000011 0.9421875
5 0.04218750000000001 0.059375 0.029687500000000012 0.059375 0.029687500000000012 0.0765625 0.04218750000000001 0.0765625
5 0.03125000000000004 0.359375 0.014062500000000044 0.359375 0.014062500000000044 0.3765625 0.03125000000000004 0.3765625
5 0.3062500000000001 0.6390625 0.2640625000000001 0.6390625 0.2640625000000001 0.7359375 0.3062500000000001 0.7359375
5 0.7921875 0.007812500000000094 0.746875 0.007812500000000092 0.746875 0.06250000000000008 0.7921875 0.06250000000000008
5 0.5046875 0.19531250000000006 0.4609375 0.19531250000000006 0.4609375 0.2328125000000001 0.5046875 0.2328125000000001
5 0.6421875 0.2906250000000001 0.625 0.2906250000000001 0.625 0.3125000000000001 0.6421875 0.3125000000000001
5 0.2296875 0.10468750000000004 0.2046875 0.10468750000000004 0.2046875 0.14375000000000004 0.2296875 0.14375000000000004
5 0.9828125 0.7625000000000002 0.9671875 0.7625000000000002 0.9671875 0.7812500000000002 0.9828125 0.7812500000000002