1 0.809375 0.10468750000000009 0.625 0.10468750000000009 0.625 0.17968750000000008 0.809375 0.17968750000000008
1 1 0.46093750000000017 0.9203125 0.46093750000000017 0.9203125 0.5671875000000002 1 0.5671875000000002
1 0.46875 0.23281250000000003 0.265625 0.2328125 0.265625 0.30000000000000004 0.46875 0.3000000000000001
1 0.325 0.15625000000000006 0.2140625 0.15625000000000006 0.2140625 0.2328125 0.325 0.2328125
1 0.9859375 0.3890625000000001 0.8765625 0.3890625000000001 0.8765625 0.4671875000000002 0.9859375 0.4671875000000002
1 0.45 0.09062500000000004 0.38125 0.09062500000000004 0.38125 0.2468750000000001 0.45 0.2468750000000001
1 0.6687500000000001 0.721875 0.528125 0.721875 0.5281250000000001 0.803125 0.6687500000000002 0.803125
1 0.9984375 0.21875000000000008 0.8578125 0.21875000000000008 0.8578125 0.27812500000000007 0.9984375 0.27812500000000007
1 0.7390625000000001 0.7015625000000001 0.5875 0.7015625 0.5875000000000001 0.7921875 0.7390625000000002 0.7921875000000002
1 0.6484375000000002 0.9046875 0.5531250000000002 0.9046875 0.5531250000000002 1 0.6484375000000002 1
1 0.671875 0.4359375 0.5859375 0.4359375 0.5859375 0.525 0.671875 0.525