1 0.6984375000000002 0.9546875 0.5703125000000002 0.9546875 0.5703125000000002 1 0.6984375000000002 1
1 0.4890625 0.10781250000000005 0.390625 0.10781250000000005 0.39062500000000006 0.3765625000000001 0.4890625 0.3765625000000001
1 0.17968750000000008 0.6140625 0.001562500000000075 0.6140625 0.0015625000000000812 0.715625 0.17968750000000008 0.715625
1 0.3828125 3.654805291205382e-17 0.2140625 2.6215095544248028e-17 0.2140625 0.07343750000000003 0.3828125 0.07343750000000004
1 0.746875 0.4296875000000001 0.659375 0.4296875 0.659375 0.6312500000000001 0.746875 0.6312500000000002
1 0.6671875 0.6765625 0.6046875 0.6765625 0.6046875 0.8390625 0.6671875000000002 0.8390625
1 0.3906250000000001 0.478125 0.2390625000000001 0.478125 0.2390625000000001 0.565625 0.3906250000000001 0.565625
1 0.4578125 0.37031250000000004 0.3312500000000001 0.3703125 0.3312500000000001 0.471875 0.4578125 0.471875
1 0.5046875000000001 0.63125 0.3906250000000001 0.63125 0.3906250000000001 0.746875 0.5046875000000002 0.746875
1 0.6765625 7.453123879185844e-17 0.540625 6.620746757890377e-17 0.540625 0.07812500000000008 0.6765625 0.07812500000000008
1 0.18125000000000005 0.428125 0.046875000000000056 0.428125 0.04687500000000006 0.53125 0.18125000000000005 0.53125
1 0.2546875 0.07656250000000002 0.1671875 0.07656250000000002 0.16718750000000002 0.2390625 0.2546875 0.2390625
1 0.17968750000000008 0.56875 0.07656250000000006 0.56875 0.07656250000000007 0.65 0.17968750000000008 0.65
1 0.140625 1.2533494585023693e-17 0.0640625 7.845393557037732e-18 0.06406250000000001 0.121875 0.140625 0.121875
1 0.4937500000000001 0.71875 0.3578125000000001 0.71875 0.3578125000000001 0.8234375 0.4937500000000002 0.8234375
1 0.09218750000000003 0.225 2.7554552980815448e-17 0.225 3.539994653785318e-17 0.353125 0.09218750000000005 0.353125
1 0.4421875000000002 0.81875 0.3515625000000001 0.81875 0.3515625000000001 0.9953125 0.4421875000000002 0.9953125
1 0.5375000000000002 0.8421875 0.47968750000000016 0.8421875 0.47968750000000016 0.9421875 0.5375000000000002 0.9421875
1 0.3546875000000001 0.6359375 0.2906250000000001 0.6359375 0.2906250000000001 0.73125 0.3546875000000001 0.73125
1 0.5875 0.5546875 0.534375 0.5546875 0.534375 0.678125 0.5875 0.678125
1 0.9328125 0.5640625000000001 0.8625 0.5640625000000001 0.8625 0.6937500000000002 0.9328125 0.6937500000000002
1 0.415625 0.5390625 0.3390625000000001 0.5390625 0.3390625000000001 0.625 0.415625 0.625
1 0.6734375 0.3515625000000001 0.584375 0.3515625000000001 0.584375 0.51875 0.6734375 0.51875
1 0.6078125000000001 0.696875 0.5359375 0.696875 0.5359375000000001 0.8390625 0.6078125000000002 0.8390625